0.0316227766017,0.000152528154979
0.0339080668189,0.000152528154979
0.0363585086117,0.000356944462951
0.0389860370255,0.000356944462951
0.0418034496185,0.000356944462951
0.0448244687929,0.000356944462951
0.0480638086306,0.000356944462951
0.0515372465596,0.000356944462951
0.0552617001985,0.000660696431444
0.0592553097555,0.000660696431444
0.0635375263808,0.000660696431444
0.0681292069058,0.000660696431444
0.0730527154266,0.0010760483101
0.0783320322308,0.0010760483101
0.0839928705946,0.0010760483101
0.0900628020211,0.0010760483101
0.0965713905297,0.00161704994863
0.103550336649,0.00161704994863
0.111033631817,0.00161704994863
0.119057723938,0.00229986709193
0.127661694906,0.00229986709193
0.136887450954,0.00314318811665
0.146779926762,0.00314318811665
0.157387304316,0.00416872888875
0.168761247579,0.00416872888875
0.180957154124,0.00540186482188
0.194034424956,0.00540186482188
0.208056753822,0.00687242961379
0.223092437441,0.00687242961379
0.239214708146,0.00861573495369
0.256502090568,0.010673886935
0.275038784093,0.010673886935
0.294915072965,0.0130975064625
0.316227766017,0.0159480082419
0.339080668189,0.0193006652721
0.363585086117,0.0193006652721
0.389860370255,0.0232487988417
0.418034496185,0.0279096151431
0.448244687929,0.0334325075005
0.480638086306,0.0400111476354
0.515372465596,0.0479015711503
0.552617001985,0.0574500569655
0.592553097555,0.0691375862686
0.635375263808,0.0836534379412
0.681292069058,0.102021827163
0.730527154266,0.125827030356
0.783320322308,0.157613179318
0.839928705946,0.201489821199
0.900628020211,0.263135817004
0.965713905297,0.344293180083
1.03550336649,0.43059509036
1.11033631817,0.50435675677
1.19057723938,0.562832235758
1.27661694906,0.609605112805
1.36887450954,0.64806256903
1.46779926762,0.680534260091
1.57387304316,0.708567462045
1.68761247579,0.733210795599
1.80957154124,0.755197288442
1.94034424956,0.775055292256
2.08056753822,0.793176261947
2.23092437441,0.809857286614
2.39214708146,0.825328593031
2.56502090568,0.839771857999
2.75038784093,0.853332733163
2.94915072965,0.853332733163
3.16227766017,0.866129621824
3.39080668189,0.878259964676
3.63585086117,0.889804830136
3.89860370255,0.889804830136
4.18034496185,0.900832325728
4.48244687929,0.911400173543
4.80638086306,0.911400173543
5.15372465596,0.921557682436
5.52617001985,0.921557682436
5.92553097555,0.931347277855
6.35375263808,0.931347277855
6.81292069058,0.9408057025
7.30527154266,0.9408057025
7.83320322308,0.949964968763
8.39928705946,0.949964968763
9.00628020211,0.958853121715
9.65713905297,0.958853121715
10.3550336649,0.958853121715
11.1033631817,0.967494855824
11.9057723938,0.967494855824
12.7661694906,0.967494855824
13.6887450954,0.967494855824
14.6779926762,0.975912017626
15.7387304316,0.975912017626
16.8761247579,0.975912017626
18.0957154124,0.975912017626
19.4034424956,0.984124018564
20.8056753822,0.984124018564
22.3092437441,0.984124018564
23.9214708146,0.984124018564
25.6502090568,0.984124018564
27.5038784093,0.984124018564
29.4915072965,0.992148176487
31.6227766017,0.992148176487
