0.0,0.0
10.0,89.65
20.0,164.25
30.0,222.74
40.0,272.02
50.0,312.83
60.0,347.18
70.0,374.04
80.0,395.55
90.0,414.64
100.0,431.36
110.0,442.64
120.0,453.76
130.0,462.17
140.0,467.47
150.0,471.89
160.0,475.18
170.0,480.03
180.0,483.21
190.0,486.0
200.0,488.61
210.0,489.77
220.0,491.61
230.0,492.6
240.0,494.17
250.0,495.6
260.0,496.11
270.0,495.16
280.0,496.51
290.0,495.67
300.0,495.48
310.0,494.33
320.0,494.41
330.0,492.46
340.0,493.07
350.0,493.85
360.0,494.68
370.0,496.06
380.0,497.49
390.0,498.01
400.0,495.92
410.0,495.9
420.0,497.86
430.0,498.74
440.0,498.53
450.0,499.29
460.0,501.58
470.0,499.17
480.0,498.05
490.0,496.42
500.0,495.97
510.0,497.55
520.0,497.48
530.0,495.99
540.0,495.85
550.0,497.13
560.0,495.76
570.0,496.61
580.0,496.37
590.0,493.41
600.0,495.28
610.0,496.07
620.0,498.21
630.0,496.91
640.0,495.65
650.0,495.8
660.0,495.15
670.0,494.95
680.0,493.96
690.0,492.29
700.0,491.76
710.0,491.21
720.0,492.79
730.0,493.55
740.0,493.92
750.0,492.94
760.0,493.65
770.0,496.88
780.0,496.52
790.0,495.48
800.0,493.62
810.0,496.18
820.0,497.37
830.0,498.02
840.0,498.12
850.0,499.72
860.0,498.48
870.0,499.75
880.0,500.41
890.0,500.42
900.0,499.33
910.0,501.21
920.0,501.52
930.0,501.17
940.0,500.32
950.0,499.52
960.0,498.99
970.0,498.5
980.0,498.26
990.0,500.12
1000.0,498.26
