0.0,0.0
10.0,90.82
20.0,166.9
30.0,230.08
40.0,277.5
50.0,317.28
60.0,351.06
70.0,378.5
80.0,399.22
90.0,419.14
100.0,432.5
110.0,446.88
120.0,458.16
130.0,466.26
140.0,474.22
150.0,483.42
160.0,484.88
170.0,488.78
180.0,491.5
190.0,493.24
200.0,496.06
210.0,497.86
220.0,497.82
230.0,497.72
240.0,498.74
250.0,498.16
260.0,500.5
270.0,496.4
280.0,493.2
290.0,494.76
300.0,495.4
310.0,498.52
320.0,498.82
330.0,501.16
340.0,501.48
350.0,503.24
360.0,501.52
370.0,502.62
380.0,501.94
390.0,498.18
400.0,497.02
410.0,496.68
420.0,499.08
430.0,498.96
440.0,501.44
450.0,503.08
460.0,503.24
470.0,503.92
480.0,502.4
490.0,500.4
500.0,500.66
510.0,500.56
520.0,500.78
530.0,502.64
540.0,505.62
550.0,508.6
560.0,509.46
570.0,506.94
580.0,504.1
590.0,500.7
600.0,502.98
610.0,501.06
620.0,499.64
630.0,499.12
640.0,500.12
650.0,505.1
660.0,505.02
670.0,502.26
680.0,502.78
690.0,500.9
700.0,500.92
710.0,500.8
720.0,500.36
730.0,502.5
740.0,502.86
750.0,502.78
760.0,500.76
770.0,502.6
780.0,501.34
790.0,504.3
800.0,503.28
810.0,502.22
820.0,501.14
830.0,501.32
840.0,502.02
850.0,503.34
860.0,499.3
870.0,502.84
880.0,501.76
890.0,500.06
900.0,502.88
910.0,501.66
920.0,499.6
930.0,499.5
940.0,497.18
950.0,499.64
960.0,503.26
970.0,503.62
980.0,501.64
990.0,503.48
1000.0,504.96
