0.0,0.0
10.0,91.02
20.0,166.46
30.0,223.66
40.0,273.1
50.0,315.28
60.0,349.96
70.0,377.36
80.0,401.76
90.0,420.26
100.0,435.0
110.0,448.62
120.0,459.78
130.0,470.88
140.0,478.6
150.0,488.68
160.0,492.24
170.0,496.0
180.0,497.44
190.0,501.66
200.0,504.12
210.0,504.42
220.0,509.94
230.0,513.98
240.0,512.3
250.0,510.56
260.0,509.86
270.0,514.04
280.0,514.08
290.0,513.34
300.0,515.16
310.0,518.3
320.0,519.06
330.0,517.52
340.0,518.4
350.0,517.04
360.0,518.38
370.0,518.72
380.0,516.46
390.0,516.0
400.0,512.42
410.0,515.28
420.0,516.7
430.0,518.84
440.0,520.18
450.0,518.7
460.0,519.82
470.0,518.4
480.0,518.62
490.0,520.8
500.0,522.58
510.0,522.12
520.0,521.88
530.0,521.38
540.0,518.98
550.0,516.96
560.0,515.8
570.0,515.4
580.0,515.3
590.0,518.5
600.0,521.42
610.0,518.74
620.0,518.34
630.0,517.76
640.0,518.76
650.0,517.14
660.0,515.36
670.0,516.94
680.0,516.12
690.0,513.86
700.0,515.76
710.0,513.68
720.0,516.06
730.0,517.14
740.0,515.36
750.0,516.1
760.0,518.06
770.0,516.54
780.0,517.5
790.0,514.66
800.0,515.66
810.0,514.7
820.0,516.32
830.0,518.82
840.0,518.46
850.0,519.46
860.0,522.24
870.0,519.96
880.0,515.82
890.0,516.58
900.0,518.7
910.0,518.46
920.0,517.4
930.0,517.66
940.0,516.86
950.0,513.5
960.0,510.58
970.0,509.2
980.0,512.86
990.0,512.46
1000.0,511.28
