0.0,0.0
10.0,91.62
20.0,169.46
30.0,237.22
40.0,293.43
50.0,341.79
60.0,385.64
70.0,419.29
80.0,449.16
90.0,474.81
100.0,496.34
110.0,514.54
120.0,528.81
130.0,543.08
140.0,557.25
150.0,565.57
160.0,575.56
170.0,582.25
180.0,586.0
190.0,593.0
200.0,595.29
210.0,598.83
220.0,601.66
230.0,603.45
240.0,606.27
250.0,607.72
260.0,610.49
270.0,611.61
280.0,613.83
290.0,614.9
300.0,616.51
310.0,618.66
320.0,621.09
330.0,623.4
340.0,622.77
350.0,620.66
360.0,620.36
370.0,620.69
380.0,619.95
390.0,621.13
400.0,620.96
410.0,620.22
420.0,622.75
430.0,622.18
440.0,621.79
450.0,620.3
460.0,619.02
470.0,619.97
480.0,623.1
490.0,622.71
500.0,622.26
510.0,621.61
520.0,621.11
530.0,620.36
540.0,618.79
550.0,616.6
560.0,615.53
570.0,616.21
580.0,619.38
590.0,618.3
600.0,617.3
610.0,620.29
620.0,620.18
630.0,619.06
640.0,621.32
650.0,622.87
660.0,622.91
670.0,621.83
680.0,622.73
690.0,620.88
700.0,619.33
710.0,620.06
720.0,621.25
730.0,622.8
740.0,622.83
750.0,624.85
760.0,626.42
770.0,624.95
780.0,625.17
790.0,625.01
800.0,624.54
810.0,625.82
820.0,627.16
830.0,626.55
840.0,625.32
850.0,626.46
860.0,626.01
870.0,625.63
880.0,626.12
890.0,626.03
900.0,624.82
910.0,623.38
920.0,622.83
930.0,624.04
940.0,624.48
950.0,621.46
960.0,622.45
970.0,621.38
980.0,622.53
990.0,618.27
1000.0,617.58
