0.0,0.0
10.0,90.4
20.0,164.22
30.0,224.2
40.0,275.34
50.0,316.54
60.0,352.06
70.0,378.48
80.0,401.44
90.0,420.5
100.0,435.48
110.0,449.24
120.0,459.68
130.0,467.98
140.0,472.42
150.0,478.82
160.0,485.58
170.0,489.18
180.0,491.48
190.0,497.56
200.0,498.1
210.0,499.2
220.0,502.02
230.0,503.58
240.0,508.06
250.0,510.2
260.0,508.9
270.0,510.64
280.0,508.58
290.0,509.32
300.0,509.3
310.0,507.94
320.0,509.26
330.0,510.94
340.0,512.6
350.0,512.42
360.0,514.0
370.0,515.46
380.0,512.2
390.0,512.96
400.0,512.14
410.0,514.18
420.0,517.46
430.0,517.28
440.0,514.5
450.0,513.96
460.0,510.6
470.0,507.5
480.0,511.3
490.0,512.46
500.0,511.92
510.0,512.48
520.0,513.24
530.0,513.96
540.0,514.4
550.0,515.16
560.0,511.34
570.0,512.46
580.0,511.52
590.0,511.62
600.0,514.04
610.0,513.92
620.0,511.64
630.0,513.22
640.0,512.2
650.0,512.38
660.0,514.36
670.0,512.7
680.0,509.54
690.0,510.1
700.0,509.8
710.0,511.26
720.0,510.52
730.0,508.56
740.0,507.92
750.0,509.94
760.0,511.52
770.0,511.74
780.0,510.62
790.0,509.82
800.0,510.12
810.0,509.06
820.0,507.36
830.0,506.86
840.0,506.06
850.0,508.3
860.0,507.38
870.0,507.92
880.0,508.4
890.0,506.42
900.0,506.42
910.0,506.82
920.0,509.6
930.0,507.78
940.0,506.54
950.0,506.68
960.0,506.5
970.0,505.18
980.0,506.26
990.0,506.0
1000.0,505.3
