0.000000000000000000e+00,3.643100000000000000e+04
8.684595537560331350e-04,2.736209999999999854e+04
1.736919107512066270e-03,2.248950000000000000e+04
2.605378661268099947e-03,1.917459999999999854e+04
3.473838215024132540e-03,1.674509999999999854e+04
4.342297768780165566e-03,1.488470000000000073e+04
5.210757322536199894e-03,1.340920000000000073e+04
6.079216876292231619e-03,1.220839999999999964e+04
6.947676430048265080e-03,1.119900000000000000e+04
7.816135983804300275e-03,1.034560000000000036e+04
8.684595537560331133e-03,9.612799999999999272e+03
9.553055091316363726e-03,8.986799999999999272e+03
1.042151464507239979e-02,8.427500000000000000e+03
1.128997419882843238e-02,7.946399999999999636e+03
1.215843375258446324e-02,7.516699999999999818e+03
1.302689330634049583e-02,7.135800000000000182e+03
1.389535286009653016e-02,6.786300000000000182e+03
1.476381241385256102e-02,6.467199999999999818e+03
1.563227196760860055e-02,6.184899999999999636e+03
1.650073152136463314e-02,5.920000000000000000e+03
1.736919107512066227e-02,5.679800000000000182e+03
1.823765062887669486e-02,5.469399999999999636e+03
1.910611018263272745e-02,5.257699999999999818e+03
1.997456973638876004e-02,5.071500000000000000e+03
2.084302929014479958e-02,4.898300000000000182e+03
2.171148884390083217e-02,4.731699999999999818e+03
2.257994839765686476e-02,4.584500000000000000e+03
2.344840795141289388e-02,4.434800000000000182e+03
2.431686750516892648e-02,4.294800000000000182e+03
2.518532705892496254e-02,4.166899999999999636e+03
2.605378661268099166e-02,4.056199999999999818e+03
2.692224616643702079e-02,3.942400000000000091e+03
2.779070572019306032e-02,3.833500000000000000e+03
2.865916527394909291e-02,3.739500000000000000e+03
2.952762482770512203e-02,3.643699999999999818e+03
3.039608438146115116e-02,3.553099999999999909e+03
3.126454393521720110e-02,3.463099999999999909e+03
3.213300348897323022e-02,3.382199999999999818e+03
3.300146304272926628e-02,3.304400000000000091e+03
3.386992259648529541e-02,3.235500000000000000e+03
3.473838215024132453e-02,3.164199999999999818e+03
3.560684170399736059e-02,3.093800000000000182e+03
3.647530125775338972e-02,3.028800000000000182e+03
3.734376081150942578e-02,2.964099999999999909e+03
3.821222036526545490e-02,2.901599999999999909e+03
3.908067991902148403e-02,2.843199999999999818e+03
3.994913947277752009e-02,2.790199999999999818e+03
4.081759902653354921e-02,2.736699999999999818e+03
4.168605858028959915e-02,2.689199999999999818e+03
4.255451813404562827e-02,2.639800000000000182e+03
4.342297768780166434e-02,2.593300000000000182e+03
4.429143724155769346e-02,2.547300000000000182e+03
4.515989679531372952e-02,2.500400000000000091e+03
4.602835634906975865e-02,2.459199999999999818e+03
4.689681590282578777e-02,2.418699999999999818e+03
4.776527545658182383e-02,2.378300000000000182e+03
4.863373501033785296e-02,2.341900000000000091e+03
4.950219456409388902e-02,2.304199999999999818e+03
5.037065411784992508e-02,2.267199999999999818e+03
5.123911367160595420e-02,2.233300000000000182e+03
5.210757322536198333e-02,2.200900000000000091e+03
5.297603277911801245e-02,2.169699999999999818e+03
5.384449233287404157e-02,2.139900000000000091e+03
5.471295188663007070e-02,2.108699999999999818e+03
5.558141144038612064e-02,2.081800000000000182e+03
5.644987099414215670e-02,2.053099999999999909e+03
5.731833054789818582e-02,2.027000000000000000e+03
5.818679010165421495e-02,2.000900000000000091e+03
5.905524965541024407e-02,1.976799999999999955e+03
5.992370920916627319e-02,1.949700000000000045e+03
6.079216876292230232e-02,1.923200000000000045e+03
6.166062831667835920e-02,1.896000000000000000e+03
6.252908787043440220e-02,1.870000000000000000e+03
6.339754742419043132e-02,1.847000000000000000e+03
6.426600697794646044e-02,1.822900000000000091e+03
6.513446653170250344e-02,1.797700000000000045e+03
6.600292608545853257e-02,1.774900000000000091e+03
6.687138563921456169e-02,1.754299999999999955e+03
6.773984519297059081e-02,1.733200000000000045e+03
6.860830474672661994e-02,1.713500000000000000e+03
6.947676430048264906e-02,1.695700000000000045e+03
7.034522385423867818e-02,1.676599999999999909e+03
7.121368340799472119e-02,1.656900000000000091e+03
7.208214296175075031e-02,1.637599999999999909e+03
7.295060251550677943e-02,1.619500000000000000e+03
7.381906206926282243e-02,1.600500000000000000e+03
7.468752162301885156e-02,1.582700000000000045e+03
7.555598117677488068e-02,1.565799999999999955e+03
7.642444073053090980e-02,1.548000000000000000e+03
7.729290028428693893e-02,1.532599999999999909e+03
7.816135983804296805e-02,1.515599999999999909e+03
7.902981939179899717e-02,1.500700000000000045e+03
7.989827894555504018e-02,1.485000000000000000e+03
8.076673849931106930e-02,1.470200000000000045e+03
8.163519805306709842e-02,1.456099999999999909e+03
8.250365760682312755e-02,1.441900000000000091e+03
8.337211716057919830e-02,1.428099999999999909e+03
8.424057671433522743e-02,1.415099999999999909e+03
8.510903626809125655e-02,1.402799999999999955e+03
8.597749582184729955e-02,1.389099999999999909e+03
8.684595537560332867e-02,1.375200000000000045e+03
8.771441492935935780e-02,1.361200000000000045e+03
8.858287448311538692e-02,1.348200000000000045e+03
8.945133403687142992e-02,1.335099999999999909e+03
9.031979359062745905e-02,1.323500000000000000e+03
9.118825314438348817e-02,1.311799999999999955e+03
9.205671269813951729e-02,1.300900000000000091e+03
9.292517225189554642e-02,1.287799999999999955e+03
9.379363180565157554e-02,1.276700000000000045e+03
9.466209135940761854e-02,1.264900000000000091e+03
9.553055091316364766e-02,1.252200000000000045e+03
9.639901046691967679e-02,1.241500000000000000e+03
9.726747002067570591e-02,1.230700000000000045e+03
9.813592957443174891e-02,1.219500000000000000e+03
9.900438912818777804e-02,1.208400000000000091e+03
9.987284868194380716e-02,1.199200000000000045e+03
1.007413082356998502e-01,1.191400000000000091e+03
1.016097677894558793e-01,1.182900000000000091e+03
1.024782273432119084e-01,1.172799999999999955e+03
1.033466868969679375e-01,1.164000000000000000e+03
1.042151464507239667e-01,1.154900000000000091e+03
1.050836060044799958e-01,1.145700000000000045e+03
1.059520655582360249e-01,1.138799999999999955e+03
1.068205251119920540e-01,1.131200000000000045e+03
1.076889846657480831e-01,1.121299999999999955e+03
1.085574442195041123e-01,1.113500000000000000e+03
1.094259037732601414e-01,1.104099999999999909e+03
1.102943633270162260e-01,1.096000000000000000e+03
1.111628228807722413e-01,1.088700000000000045e+03
1.120312824345282704e-01,1.082200000000000045e+03
1.128997419882843134e-01,1.074299999999999955e+03
1.137682015420403425e-01,1.066599999999999909e+03
1.146366610957963716e-01,1.058200000000000045e+03
1.155051206495524008e-01,1.049400000000000091e+03
1.163735802033084299e-01,1.041599999999999909e+03
1.172420397570644590e-01,1.033599999999999909e+03
1.181104993108204881e-01,1.025299999999999955e+03
1.189789588645765173e-01,1.019000000000000000e+03
1.198474184183325464e-01,1.011799999999999955e+03
1.207158779720885755e-01,1.004100000000000023e+03
1.215843375258446046e-01,9.980000000000000000e+02
1.224527970796006893e-01,9.913999999999999773e+02
1.233212566333567184e-01,9.842000000000000455e+02
1.241897161871127475e-01,9.763999999999999773e+02
1.250581757408688044e-01,9.712999999999999545e+02
1.259266352946248335e-01,9.645000000000000000e+02
1.267950948483808626e-01,9.595000000000000000e+02
1.276635544021368918e-01,9.512000000000000455e+02
1.285320139558929209e-01,9.443999999999999773e+02
1.294004735096489778e-01,9.372000000000000455e+02
1.302689330634050069e-01,9.317999999999999545e+02
1.311373926171610360e-01,9.243999999999999773e+02
1.320058521709170651e-01,9.193999999999999773e+02
1.328743117246730943e-01,9.132999999999999545e+02
1.337427712784291234e-01,9.066000000000000227e+02
1.346112308321851525e-01,9.011000000000000227e+02
1.354796903859411816e-01,8.948999999999999773e+02
1.363481499396972108e-01,8.903999999999999773e+02
1.372166094934532399e-01,8.862000000000000455e+02
1.380850690472092690e-01,8.808999999999999773e+02
1.389535286009652981e-01,8.748999999999999773e+02
1.398219881547213272e-01,8.697999999999999545e+02
1.406904477084773564e-01,8.636000000000000227e+02
1.415589072622334132e-01,8.592000000000000455e+02
1.424273668159894424e-01,8.545000000000000000e+02
1.432958263697454715e-01,8.491000000000000227e+02
1.441642859235015006e-01,8.436000000000000227e+02
1.450327454772575297e-01,8.382000000000000455e+02
1.459012050310135589e-01,8.326000000000000227e+02
1.467696645847695880e-01,8.273999999999999773e+02
1.476381241385256449e-01,8.235000000000000000e+02
1.485065836922816740e-01,8.201000000000000227e+02
1.493750432460377031e-01,8.162999999999999545e+02
1.502435027997937322e-01,8.112999999999999545e+02
1.511119623535497614e-01,8.071000000000000227e+02
1.519804219073057905e-01,8.030000000000000000e+02
1.528488814610618196e-01,7.976000000000000227e+02
1.537173410148178487e-01,7.942999999999999545e+02
1.545858005685738779e-01,7.910000000000000000e+02
1.554542601223299070e-01,7.862999999999999545e+02
1.563227196760859361e-01,7.822999999999999545e+02
1.571911792298419652e-01,7.778999999999999773e+02
1.580596387835979943e-01,7.740000000000000000e+02
1.589280983373540235e-01,7.690000000000000000e+02
1.597965578911100804e-01,7.642999999999999545e+02
1.606650174448661095e-01,7.602999999999999545e+02
1.615334769986221386e-01,7.562999999999999545e+02
1.624019365523781677e-01,7.512999999999999545e+02
1.632703961061341968e-01,7.485000000000000000e+02
1.641388556598902260e-01,7.450000000000000000e+02
1.650073152136462551e-01,7.401000000000000227e+02
1.658757747674023675e-01,7.368999999999999773e+02
1.667442343211583966e-01,7.332000000000000455e+02
1.676126938749144257e-01,7.295000000000000000e+02
1.684811534286704549e-01,7.265000000000000000e+02
1.693496129824264840e-01,7.230000000000000000e+02
1.702180725361825131e-01,7.201000000000000227e+02
1.710865320899385422e-01,7.170000000000000000e+02
1.719549916436945991e-01,7.147999999999999545e+02
1.728234511974506282e-01,7.117999999999999545e+02
1.736919107512066573e-01,7.077000000000000455e+02
1.745603703049626865e-01,7.051000000000000227e+02
1.754288298587187156e-01,7.011000000000000227e+02
1.762972894124747447e-01,6.982000000000000455e+02
1.771657489662307738e-01,6.952999999999999545e+02
1.780342085199868307e-01,6.922999999999999545e+02
1.789026680737428598e-01,6.885000000000000000e+02
1.797711276274988890e-01,6.842999999999999545e+02
1.806395871812549181e-01,6.806000000000000227e+02
1.815080467350109472e-01,6.762999999999999545e+02
1.823765062887669763e-01,6.730000000000000000e+02
1.832449658425230055e-01,6.696000000000000227e+02
1.841134253962790346e-01,6.666000000000000227e+02
1.849818849500350637e-01,6.638999999999999773e+02
1.858503445037910928e-01,6.606000000000000227e+02
1.867188040575471220e-01,6.580000000000000000e+02
1.875872636113031511e-01,6.552000000000000455e+02
1.884557231650591802e-01,6.520000000000000000e+02
1.893241827188152371e-01,6.491000000000000227e+02
1.901926422725712662e-01,6.460000000000000000e+02
1.910611018263272953e-01,6.435000000000000000e+02
1.919295613800833245e-01,6.413999999999999773e+02
1.927980209338393536e-01,6.383999999999999773e+02
1.936664804875953827e-01,6.351000000000000227e+02
1.945349400413514118e-01,6.315000000000000000e+02
1.954033995951074687e-01,6.290000000000000000e+02
1.962718591488634978e-01,6.262000000000000455e+02
1.971403187026195269e-01,6.233999999999999773e+02
1.980087782563755561e-01,6.205000000000000000e+02
1.988772378101315852e-01,6.180000000000000000e+02
1.997456973638876143e-01,6.148999999999999773e+02
2.006141569176436712e-01,6.117999999999999545e+02
2.014826164713997003e-01,6.093999999999999773e+02
2.023510760251557294e-01,6.062999999999999545e+02
2.032195355789117586e-01,6.032999999999999545e+02
2.040879951326677877e-01,6.007000000000000455e+02
2.049564546864238168e-01,5.980000000000000000e+02
2.058249142401798459e-01,5.960000000000000000e+02
2.066933737939358751e-01,5.936000000000000227e+02
2.075618333476919042e-01,5.912999999999999545e+02
2.084302929014479333e-01,5.895000000000000000e+02
2.092987524552039624e-01,5.867999999999999545e+02
2.101672120089599916e-01,5.845000000000000000e+02
2.110356715627160207e-01,5.822000000000000455e+02
2.119041311164720498e-01,5.791000000000000227e+02
2.127725906702280789e-01,5.767000000000000455e+02
2.136410502239841080e-01,5.745000000000000000e+02
2.145095097777401372e-01,5.725000000000000000e+02
2.153779693314961663e-01,5.702000000000000455e+02
2.162464288852521954e-01,5.687999999999999545e+02
2.171148884390082245e-01,5.668999999999999773e+02
2.179833479927642537e-01,5.637999999999999545e+02
2.188518075465202828e-01,5.611000000000000227e+02
2.197202671002764229e-01,5.593999999999999773e+02
2.205887266540324521e-01,5.573999999999999773e+02
2.214571862077884812e-01,5.552999999999999545e+02
2.223256457615444825e-01,5.531000000000000227e+02
2.231941053153005117e-01,5.512000000000000455e+02
2.240625648690565408e-01,5.486000000000000227e+02
2.249310244228125699e-01,5.462000000000000455e+02
2.257994839765686268e-01,5.438999999999999773e+02
2.266679435303246559e-01,5.416000000000000227e+02
2.275364030840806850e-01,5.397999999999999545e+02
2.284048626378367142e-01,5.368999999999999773e+02
2.292733221915927433e-01,5.347000000000000455e+02
2.301417817453487724e-01,5.332000000000000455e+02
2.310102412991048015e-01,5.307999999999999545e+02
2.318787008528608307e-01,5.288999999999999773e+02
2.327471604066168598e-01,5.267999999999999545e+02
2.336156199603728889e-01,5.250000000000000000e+02
2.344840795141289180e-01,5.231000000000000227e+02
2.353525390678849472e-01,5.210000000000000000e+02
2.362209986216409763e-01,5.196000000000000227e+02
2.370894581753970054e-01,5.180000000000000000e+02
2.379579177291530345e-01,5.160000000000000000e+02
2.388263772829091747e-01,5.146000000000000227e+02
2.396948368366650928e-01,5.122000000000000455e+02
2.405632963904212329e-01,5.100000000000000000e+02
2.414317559441771510e-01,5.085000000000000000e+02
2.423002154979332912e-01,5.061000000000000227e+02
2.431686750516892093e-01,5.043999999999999773e+02
2.440371346054453494e-01,5.021999999999999886e+02
2.449055941592013785e-01,5.006999999999999886e+02
2.457740537129574077e-01,4.990000000000000000e+02
2.466425132667134368e-01,4.968999999999999773e+02
2.475109728204694659e-01,4.953000000000000114e+02
2.483794323742254950e-01,4.936000000000000227e+02
2.492478919279815242e-01,4.910000000000000000e+02
2.501163514817376088e-01,4.893999999999999773e+02
2.509848110354936379e-01,4.876000000000000227e+02
2.518532705892496670e-01,4.861000000000000227e+02
2.527217301430056962e-01,4.841000000000000227e+02
2.535901896967617253e-01,4.820000000000000000e+02
2.544586492505177544e-01,4.806000000000000227e+02
2.553271088042737835e-01,4.793999999999999773e+02
2.561955683580298127e-01,4.781000000000000227e+02
2.570640279117858418e-01,4.761000000000000227e+02
2.579324874655418709e-01,4.750000000000000000e+02
2.588009470192979555e-01,4.736000000000000227e+02
2.596694065730539847e-01,4.716999999999999886e+02
2.605378661268100138e-01,4.706999999999999886e+02
2.614063256805660429e-01,4.691000000000000227e+02
2.622747852343220720e-01,4.678000000000000114e+02
2.631432447880781011e-01,4.666000000000000227e+02
2.640117043418341303e-01,4.653000000000000114e+02
2.648801638955901594e-01,4.638999999999999773e+02
2.657486234493461885e-01,4.621999999999999886e+02
2.666170830031022176e-01,4.603000000000000114e+02
2.674855425568582468e-01,4.593000000000000114e+02
2.683540021106142759e-01,4.573000000000000114e+02
2.692224616643703050e-01,4.558999999999999773e+02
2.700909212181263341e-01,4.543999999999999773e+02
2.709593807718823633e-01,4.530000000000000000e+02
2.718278403256383924e-01,4.516000000000000227e+02
2.726962998793944215e-01,4.498999999999999773e+02
2.735647594331504506e-01,4.485000000000000000e+02
2.744332189869064798e-01,4.473000000000000114e+02
2.753016785406625089e-01,4.461000000000000227e+02
2.761701380944185380e-01,4.445000000000000000e+02
2.770385976481745671e-01,4.436000000000000227e+02
2.779070572019305962e-01,4.420000000000000000e+02
2.787755167556866254e-01,4.403000000000000114e+02
2.796439763094426545e-01,4.393999999999999773e+02
2.805124358631986836e-01,4.378000000000000114e+02
2.813808954169547127e-01,4.365000000000000000e+02
2.822493549707107419e-01,4.356000000000000227e+02
2.831178145244668265e-01,4.340000000000000000e+02
2.839862740782228556e-01,4.333000000000000114e+02
2.848547336319788847e-01,4.321000000000000227e+02
2.857231931857349139e-01,4.303999999999999773e+02
2.865916527394909430e-01,4.291000000000000227e+02
2.874601122932469721e-01,4.276999999999999886e+02
2.883285718470030012e-01,4.265000000000000000e+02
2.891970314007590304e-01,4.248000000000000114e+02
2.900654909545150595e-01,4.228000000000000114e+02
2.909339505082710886e-01,4.218000000000000114e+02
2.918024100620271177e-01,4.206000000000000227e+02
2.926708696157831469e-01,4.201999999999999886e+02
2.935393291695391760e-01,4.188000000000000114e+02
2.944077887232952051e-01,4.178999999999999773e+02
2.952762482770512897e-01,4.171999999999999886e+02
2.961447078308073189e-01,4.161000000000000227e+02
2.970131673845633480e-01,4.153999999999999773e+02
2.978816269383193771e-01,4.141000000000000227e+02
2.987500864920754062e-01,4.126000000000000227e+02
2.996185460458314354e-01,4.118999999999999773e+02
3.004870055995874645e-01,4.100000000000000000e+02
3.013554651533434936e-01,4.091999999999999886e+02
3.022239247070995227e-01,4.080000000000000000e+02
3.030923842608555518e-01,4.065000000000000000e+02
3.039608438146115810e-01,4.056999999999999886e+02
3.048293033683676101e-01,4.043000000000000114e+02
3.056977629221236392e-01,4.031000000000000227e+02
3.065662224758796683e-01,4.016999999999999886e+02
3.074346820296356975e-01,4.006999999999999886e+02
3.083031415833917266e-01,3.993999999999999773e+02
3.091716011371477557e-01,3.988999999999999773e+02
3.100400606909037848e-01,3.973999999999999773e+02
3.109085202446598140e-01,3.966999999999999886e+02
3.117769797984158431e-01,3.956000000000000227e+02
3.126454393521718722e-01,3.938999999999999773e+02
3.135138989059279013e-01,3.925000000000000000e+02
3.143823584596839305e-01,3.913999999999999773e+02
3.152508180134399596e-01,3.903999999999999773e+02
3.161192775671959887e-01,3.893999999999999773e+02
3.169877371209520178e-01,3.883999999999999773e+02
3.178561966747080469e-01,3.866000000000000227e+02
3.187246562284641316e-01,3.856999999999999886e+02
3.195931157822201607e-01,3.843000000000000114e+02
3.204615753359761898e-01,3.833999999999999773e+02
3.213300348897322190e-01,3.826000000000000227e+02
3.221984944434882481e-01,3.811999999999999886e+02
3.230669539972442772e-01,3.806999999999999886e+02
3.239354135510003063e-01,3.793999999999999773e+02
3.248038731047563354e-01,3.786999999999999886e+02
3.256723326585123646e-01,3.776999999999999886e+02
3.265407922122683937e-01,3.763999999999999773e+02
3.274092517660244228e-01,3.750000000000000000e+02
3.282777113197804519e-01,3.743000000000000114e+02
3.291461708735364811e-01,3.728999999999999773e+02
3.300146304272925102e-01,3.723999999999999773e+02
3.308830899810485948e-01,3.715000000000000000e+02
3.317515495348047350e-01,3.711999999999999886e+02
3.326200090885606531e-01,3.705000000000000000e+02
3.334884686423167932e-01,3.693999999999999773e+02
3.343569281960727113e-01,3.686000000000000227e+02
3.352253877498288515e-01,3.676000000000000227e+02
3.360938473035847696e-01,3.666000000000000227e+02
3.369623068573409097e-01,3.653999999999999773e+02
3.378307664110968278e-01,3.640000000000000000e+02
3.386992259648529680e-01,3.630000000000000000e+02
3.395676855186088861e-01,3.616999999999999886e+02
3.404361450723650262e-01,3.608000000000000114e+02
3.413046046261209443e-01,3.596000000000000227e+02
3.421730641798770844e-01,3.590000000000000000e+02
3.430415237336331691e-01,3.578000000000000114e+02
3.439099832873891982e-01,3.568000000000000114e+02
3.447784428411452273e-01,3.561999999999999886e+02
3.456469023949012565e-01,3.555000000000000000e+02
3.465153619486572856e-01,3.545000000000000000e+02
3.473838215024133147e-01,3.536999999999999886e+02
3.482522810561693438e-01,3.523999999999999773e+02
3.491207406099253729e-01,3.516000000000000227e+02
3.499892001636814021e-01,3.510000000000000000e+02
3.508576597174374312e-01,3.498000000000000114e+02
3.517261192711934603e-01,3.490000000000000000e+02
3.525945788249494894e-01,3.478000000000000114e+02
3.534630383787055186e-01,3.468000000000000114e+02
3.543314979324615477e-01,3.453999999999999773e+02
3.551999574862176323e-01,3.446000000000000227e+02
3.560684170399736614e-01,3.440000000000000000e+02
3.569368765937296906e-01,3.433999999999999773e+02
3.578053361474857197e-01,3.420000000000000000e+02
3.586737957012417488e-01,3.416000000000000227e+02
3.595422552549977779e-01,3.406999999999999886e+02
3.604107148087538071e-01,3.403999999999999773e+02
3.612791743625098362e-01,3.393999999999999773e+02
3.621476339162658653e-01,3.383999999999999773e+02
3.630160934700218944e-01,3.376000000000000227e+02
3.638845530237779236e-01,3.365000000000000000e+02
3.647530125775339527e-01,3.356999999999999886e+02
3.656214721312899818e-01,3.346000000000000227e+02
3.664899316850460109e-01,3.341000000000000227e+02
3.673583912388020400e-01,3.333999999999999773e+02
3.682268507925580692e-01,3.325000000000000000e+02
3.690953103463140983e-01,3.311000000000000227e+02
3.699637699000701274e-01,3.303999999999999773e+02
3.708322294538261565e-01,3.291000000000000227e+02
3.717006890075821857e-01,3.280000000000000000e+02
3.725691485613382148e-01,3.271000000000000227e+02
3.734376081150942439e-01,3.266999999999999886e+02
3.743060676688502730e-01,3.258000000000000114e+02
3.751745272226063022e-01,3.253999999999999773e+02
3.760429867763623313e-01,3.246000000000000227e+02
3.769114463301183604e-01,3.236999999999999886e+02
3.777799058838743895e-01,3.226999999999999886e+02
3.786483654376304742e-01,3.221999999999999886e+02
3.795168249913865033e-01,3.213000000000000114e+02
3.803852845451425324e-01,3.203000000000000114e+02
3.812537440988985615e-01,3.196999999999999886e+02
3.821222036526545907e-01,3.193999999999999773e+02
3.829906632064106198e-01,3.191000000000000227e+02
3.838591227601666489e-01,3.186999999999999886e+02
3.847275823139226780e-01,3.181000000000000227e+02
3.855960418676787071e-01,3.170000000000000000e+02
3.864645014214347363e-01,3.158000000000000114e+02
3.873329609751907654e-01,3.153000000000000114e+02
3.882014205289467945e-01,3.148000000000000114e+02
3.890698800827028236e-01,3.143000000000000114e+02
3.899383396364588528e-01,3.131000000000000227e+02
3.908067991902149374e-01,3.128000000000000114e+02
3.916752587439709665e-01,3.120000000000000000e+02
3.925437182977269956e-01,3.113000000000000114e+02
3.934121778514830248e-01,3.108000000000000114e+02
3.942806374052390539e-01,3.103000000000000114e+02
3.951490969589950830e-01,3.098999999999999773e+02
3.960175565127511121e-01,3.093999999999999773e+02
3.968860160665071413e-01,3.080000000000000000e+02
3.977544756202631704e-01,3.071999999999999886e+02
3.986229351740191995e-01,3.063999999999999773e+02
3.994913947277752286e-01,3.056000000000000227e+02
4.003598542815313133e-01,3.046000000000000227e+02
4.012283138352873424e-01,3.043000000000000114e+02
4.020967733890433715e-01,3.036999999999999886e+02
4.029652329427994006e-01,3.028000000000000114e+02
4.038336924965554298e-01,3.023999999999999773e+02
4.047021520503114589e-01,3.018000000000000114e+02
4.055706116040674880e-01,3.011999999999999886e+02
4.064390711578235171e-01,3.010000000000000000e+02
4.073075307115795463e-01,3.001999999999999886e+02
4.081759902653355754e-01,2.998999999999999773e+02
4.090444498190916045e-01,2.988000000000000114e+02
4.099129093728476336e-01,2.981999999999999886e+02
4.107813689266036628e-01,2.968000000000000114e+02
4.116498284803596919e-01,2.958000000000000114e+02
4.125182880341157210e-01,2.945000000000000000e+02
4.133867475878717501e-01,2.940000000000000000e+02
4.142552071416277792e-01,2.938000000000000114e+02
4.151236666953838084e-01,2.933999999999999773e+02
4.159921262491398375e-01,2.931000000000000227e+02
4.168605858028958666e-01,2.923999999999999773e+02
4.177290453566518957e-01,2.918999999999999773e+02
4.185975049104079249e-01,2.910000000000000000e+02
4.194659644641639540e-01,2.908000000000000114e+02
4.203344240179199831e-01,2.900000000000000000e+02
4.212028835716760122e-01,2.896000000000000227e+02
4.220713431254320414e-01,2.890000000000000000e+02
4.229398026791880705e-01,2.886000000000000227e+02
4.238082622329440996e-01,2.880000000000000000e+02
4.246767217867001287e-01,2.878000000000000114e+02
4.255451813404561578e-01,2.870000000000000000e+02
4.264136408942121870e-01,2.866000000000000227e+02
4.272821004479682161e-01,2.860000000000000000e+02
4.281505600017244673e-01,2.853000000000000114e+02
4.290190195554802743e-01,2.851000000000000227e+02
4.298874791092365255e-01,2.843999999999999773e+02
4.307559386629923326e-01,2.841000000000000227e+02
4.316243982167485838e-01,2.835000000000000000e+02
4.324928577705043908e-01,2.833000000000000114e+02
4.333613173242606420e-01,2.830000000000000000e+02
4.342297768780164491e-01,2.818000000000000114e+02
4.350982364317727003e-01,2.813999999999999773e+02
4.359666959855285073e-01,2.808000000000000114e+02
4.368351555392847585e-01,2.801000000000000227e+02
4.377036150930405656e-01,2.786999999999999886e+02
4.385720746467968167e-01,2.781000000000000227e+02
4.394405342005528459e-01,2.771999999999999886e+02
4.403089937543088750e-01,2.766999999999999886e+02
4.411774533080649041e-01,2.761999999999999886e+02
4.420459128618209332e-01,2.756999999999999886e+02
4.429143724155769624e-01,2.748000000000000114e+02
4.437828319693329915e-01,2.741999999999999886e+02
4.446512915230889651e-01,2.736999999999999886e+02
4.455197510768450497e-01,2.730000000000000000e+02
4.463882106306010233e-01,2.726000000000000227e+02
4.472566701843571080e-01,2.718000000000000114e+02
4.481251297381130816e-01,2.713000000000000114e+02
4.489935892918691662e-01,2.703000000000000114e+02
4.498620488456251398e-01,2.698000000000000114e+02
4.507305083993812245e-01,2.691999999999999886e+02
4.515989679531372536e-01,2.685000000000000000e+02
4.524674275068932827e-01,2.681000000000000227e+02
4.533358870606493118e-01,2.678000000000000114e+02
4.542043466144053410e-01,2.671999999999999886e+02
4.550728061681613701e-01,2.666000000000000227e+02
4.559412657219173992e-01,2.665000000000000000e+02
4.568097252756734283e-01,2.661999999999999886e+02
4.576781848294294575e-01,2.658000000000000114e+02
4.585466443831854866e-01,2.653000000000000114e+02
4.594151039369415157e-01,2.645000000000000000e+02
4.602835634906975448e-01,2.641000000000000227e+02
4.611520230444535740e-01,2.635000000000000000e+02
4.620204825982096031e-01,2.631999999999999886e+02
4.628889421519656322e-01,2.626000000000000227e+02
4.637574017057216613e-01,2.623999999999999773e+02
4.646258612594776904e-01,2.620000000000000000e+02
4.654943208132337196e-01,2.616999999999999886e+02
4.663627803669897487e-01,2.610000000000000000e+02
4.672312399207457778e-01,2.603999999999999773e+02
4.680996994745018069e-01,2.600000000000000000e+02
4.689681590282578361e-01,2.593999999999999773e+02
4.698366185820138652e-01,2.588999999999999773e+02
4.707050781357698943e-01,2.583000000000000114e+02
4.715735376895259234e-01,2.578000000000000114e+02
4.724419972432819526e-01,2.573999999999999773e+02
4.733104567970379817e-01,2.571000000000000227e+02
4.741789163507940108e-01,2.570000000000000000e+02
4.750473759045501509e-01,2.563999999999999773e+02
4.759158354583060691e-01,2.561000000000000227e+02
4.767842950120622092e-01,2.555999999999999943e+02
4.776527545658183493e-01,2.550000000000000000e+02
4.785212141195742674e-01,2.544000000000000057e+02
4.793896736733301855e-01,2.539000000000000057e+02
4.802581332270863257e-01,2.535000000000000000e+02
4.811265927808424658e-01,2.534000000000000057e+02
4.819950523345983839e-01,2.530999999999999943e+02
4.828635118883543020e-01,2.524000000000000057e+02
4.837319714421104422e-01,2.519000000000000057e+02
4.846004309958665823e-01,2.518000000000000114e+02
4.854688905496225004e-01,2.513000000000000114e+02
4.863373501033784185e-01,2.509000000000000057e+02
4.872058096571346697e-01,2.504000000000000057e+02
4.880742692108906988e-01,2.498000000000000114e+02
4.889427287646467279e-01,2.489000000000000057e+02
4.898111883184027571e-01,2.485999999999999943e+02
4.906796478721587862e-01,2.481999999999999886e+02
4.915481074259148153e-01,2.478000000000000114e+02
4.924165669796708444e-01,2.476999999999999886e+02
4.932850265334268736e-01,2.476999999999999886e+02
4.941534860871829027e-01,2.473000000000000114e+02
4.950219456409389318e-01,2.470000000000000000e+02
4.958904051946949609e-01,2.464000000000000057e+02
4.967588647484509901e-01,2.461999999999999886e+02
4.976273243022070192e-01,2.454000000000000057e+02
4.984957838559630483e-01,2.449000000000000057e+02
4.993642434097190774e-01,2.446999999999999886e+02
5.002327029634752176e-01,2.445000000000000000e+02
5.011011625172311357e-01,2.441999999999999886e+02
5.019696220709872758e-01,2.434000000000000057e+02
5.028380816247431939e-01,2.428000000000000114e+02
5.037065411784993341e-01,2.419000000000000057e+02
5.045750007322552522e-01,2.413000000000000114e+02
5.054434602860113923e-01,2.410000000000000000e+02
5.063119198397673104e-01,2.405000000000000000e+02
5.071803793935234506e-01,2.400000000000000000e+02
5.080488389472793687e-01,2.390999999999999943e+02
5.089172985010355088e-01,2.385000000000000000e+02
5.097857580547914269e-01,2.381999999999999886e+02
5.106542176085475671e-01,2.375999999999999943e+02
5.115226771623034852e-01,2.370999999999999943e+02
5.123911367160596253e-01,2.365000000000000000e+02
5.132595962698155434e-01,2.360000000000000000e+02
5.141280558235716835e-01,2.358000000000000114e+02
5.149965153773276016e-01,2.353000000000000114e+02
5.158649749310837418e-01,2.350999999999999943e+02
5.167334344848396599e-01,2.348000000000000114e+02
5.176018940385959111e-01,2.344000000000000057e+02
5.184703535923517181e-01,2.340000000000000000e+02
5.193388131461079693e-01,2.338000000000000114e+02
5.202072726998637764e-01,2.331999999999999886e+02
5.210757322536200276e-01,2.325999999999999943e+02
5.219441918073758346e-01,2.320999999999999943e+02
5.228126513611320858e-01,2.315999999999999943e+02
5.236811109148878929e-01,2.310000000000000000e+02
5.245495704686441441e-01,2.308000000000000114e+02
5.254180300223999511e-01,2.300999999999999943e+02
5.262864895761562023e-01,2.300000000000000000e+02
5.271549491299120094e-01,2.299000000000000057e+02
5.280234086836682605e-01,2.298000000000000114e+02
5.288918682374240676e-01,2.295000000000000000e+02
5.297603277911803188e-01,2.290999999999999943e+02
5.306287873449361259e-01,2.288000000000000114e+02
5.314972468986923770e-01,2.286999999999999886e+02
5.323657064524481841e-01,2.280999999999999943e+02
5.332341660062044353e-01,2.275999999999999943e+02
5.341026255599602424e-01,2.271999999999999886e+02
5.349710851137164935e-01,2.265999999999999943e+02
5.358395446674723006e-01,2.264000000000000057e+02
5.367080042212285518e-01,2.260000000000000000e+02
5.375764637749843589e-01,2.254000000000000057e+02
5.384449233287406100e-01,2.249000000000000057e+02
5.393133828824964171e-01,2.245000000000000000e+02
5.401818424362526683e-01,2.240999999999999943e+02
5.410503019900085864e-01,2.240000000000000000e+02
5.419187615437647265e-01,2.235999999999999943e+02
5.427872210975206446e-01,2.226999999999999886e+02
5.436556806512767848e-01,2.224000000000000057e+02
5.445241402050327029e-01,2.220000000000000000e+02
5.453925997587888430e-01,2.215000000000000000e+02
5.462610593125447611e-01,2.211999999999999886e+02
5.471295188663009013e-01,2.210000000000000000e+02
5.479979784200568194e-01,2.206999999999999886e+02
5.488664379738129595e-01,2.206999999999999886e+02
5.497348975275688776e-01,2.205999999999999943e+02
5.506033570813250178e-01,2.203000000000000114e+02
5.514718166350809359e-01,2.201999999999999886e+02
5.523402761888370760e-01,2.199000000000000057e+02
5.532087357425929941e-01,2.195000000000000000e+02
5.540771952963491342e-01,2.193000000000000114e+02
5.549456548501050523e-01,2.193000000000000114e+02
5.558141144038611925e-01,2.188000000000000114e+02
5.566825739576171106e-01,2.181999999999999886e+02
5.575510335113732507e-01,2.178000000000000114e+02
5.584194930651291688e-01,2.171999999999999886e+02
5.592879526188853090e-01,2.164000000000000057e+02
5.601564121726412271e-01,2.161999999999999886e+02
5.610248717263973672e-01,2.158000000000000114e+02
5.618933312801532853e-01,2.150999999999999943e+02
5.627617908339094255e-01,2.146999999999999886e+02
5.636302503876653436e-01,2.145000000000000000e+02
5.644987099414214837e-01,2.143000000000000114e+02
5.653671694951775129e-01,2.138000000000000114e+02
5.662356290489336530e-01,2.135000000000000000e+02
5.671040886026897931e-01,2.133000000000000114e+02
5.679725481564457112e-01,2.130999999999999943e+02
5.688410077102016293e-01,2.128000000000000114e+02
5.697094672639577695e-01,2.121999999999999886e+02
5.705779268177139096e-01,2.120000000000000000e+02
5.714463863714698277e-01,2.118000000000000114e+02
5.723148459252257458e-01,2.110999999999999943e+02
5.731833054789818860e-01,2.108000000000000114e+02
5.740517650327380261e-01,2.104000000000000057e+02
5.749202245864939442e-01,2.099000000000000057e+02
5.757886841402498623e-01,2.095999999999999943e+02
5.766571436940060025e-01,2.091999999999999886e+02
5.775256032477621426e-01,2.086999999999999886e+02
5.783940628015180607e-01,2.085000000000000000e+02
5.792625223552739788e-01,2.083000000000000114e+02
5.801309819090301190e-01,2.080000000000000000e+02
5.809994414627862591e-01,2.073000000000000114e+02
5.818679010165421772e-01,2.070000000000000000e+02
5.827363605702980953e-01,2.069000000000000057e+02
5.836048201240542355e-01,2.068000000000000114e+02
5.844732796778103756e-01,2.065000000000000000e+02
5.853417392315662937e-01,2.061999999999999886e+02
5.862101987853222118e-01,2.060000000000000000e+02
5.870786583390783520e-01,2.055000000000000000e+02
5.879471178928344921e-01,2.051999999999999886e+02
5.888155774465904102e-01,2.050999999999999943e+02
5.896840370003466614e-01,2.044000000000000057e+02
5.905524965541025795e-01,2.039000000000000057e+02
5.914209561078587196e-01,2.035999999999999943e+02
5.922894156616146377e-01,2.035999999999999943e+02
5.931578752153707779e-01,2.033000000000000114e+02
5.940263347691266960e-01,2.029000000000000057e+02
5.948947943228828361e-01,2.028000000000000114e+02
5.957632538766387542e-01,2.023000000000000114e+02
5.966317134303948944e-01,2.023000000000000114e+02
5.975001729841508125e-01,2.016999999999999886e+02
5.983686325379069526e-01,2.014000000000000057e+02
5.992370920916628707e-01,2.009000000000000057e+02
6.001055516454190109e-01,2.006999999999999886e+02
6.009740111991749290e-01,2.004000000000000057e+02
6.018424707529310691e-01,2.000999999999999943e+02
6.027109303066869872e-01,1.999000000000000057e+02
6.035793898604431273e-01,1.996999999999999886e+02
6.044478494141990454e-01,1.995999999999999943e+02
6.053163089679551856e-01,1.994000000000000057e+02
6.061847685217111037e-01,1.989000000000000057e+02
6.070532280754672438e-01,1.986999999999999886e+02
6.079216876292231619e-01,1.983000000000000114e+02
6.087901471829793021e-01,1.978000000000000114e+02
6.096586067367352202e-01,1.975000000000000000e+02
6.105270662904913603e-01,1.975000000000000000e+02
6.113955258442472784e-01,1.973000000000000114e+02
6.122639853980034186e-01,1.971999999999999886e+02
6.131324449517593367e-01,1.969000000000000057e+02
6.140009045055155879e-01,1.965999999999999943e+02
6.148693640592713949e-01,1.965000000000000000e+02
6.157378236130276461e-01,1.961999999999999886e+02
6.166062831667834532e-01,1.960999999999999943e+02
6.174747427205397043e-01,1.959000000000000057e+02
6.183432022742955114e-01,1.956999999999999886e+02
6.192116618280517626e-01,1.956999999999999886e+02
6.200801213818075697e-01,1.955999999999999943e+02
6.209485809355638208e-01,1.950999999999999943e+02
6.218170404893196279e-01,1.948000000000000114e+02
6.226855000430758791e-01,1.944000000000000057e+02
6.235539595968316862e-01,1.940999999999999943e+02
6.244224191505879373e-01,1.939000000000000057e+02
6.252908787043437444e-01,1.936999999999999886e+02
6.261593382580999956e-01,1.935000000000000000e+02
6.270277978118558027e-01,1.931999999999999886e+02
6.278962573656120538e-01,1.929000000000000057e+02
6.287647169193678609e-01,1.921999999999999886e+02
6.296331764731241121e-01,1.920999999999999943e+02
6.305016360268799192e-01,1.918000000000000114e+02
6.313700955806361703e-01,1.915000000000000000e+02
6.322385551343919774e-01,1.913000000000000114e+02
6.331070146881482286e-01,1.911999999999999886e+02
6.339754742419040356e-01,1.910999999999999943e+02
6.348439337956602868e-01,1.910999999999999943e+02
6.357123933494160939e-01,1.908000000000000114e+02
6.365808529031723451e-01,1.906999999999999886e+02
6.374493124569282632e-01,1.903000000000000114e+02
6.383177720106844033e-01,1.900999999999999943e+02
6.391862315644403214e-01,1.895999999999999943e+02
6.400546911181964616e-01,1.890999999999999943e+02
6.409231506719523797e-01,1.889000000000000057e+02
6.417916102257085198e-01,1.888000000000000114e+02
6.426600697794644379e-01,1.885000000000000000e+02
6.435285293332205780e-01,1.880000000000000000e+02
6.443969888869764961e-01,1.880000000000000000e+02
6.452654484407326363e-01,1.879000000000000057e+02
6.461339079944885544e-01,1.878000000000000114e+02
6.470023675482446945e-01,1.878000000000000114e+02
6.478708271020006126e-01,1.876999999999999886e+02
6.487392866557567528e-01,1.875999999999999943e+02
6.496077462095126709e-01,1.871999999999999886e+02
6.504762057632688110e-01,1.870999999999999943e+02
6.513446653170247291e-01,1.869000000000000057e+02
6.522131248707808693e-01,1.869000000000000057e+02
6.530815844245367874e-01,1.868000000000000114e+02
6.539500439782929275e-01,1.865999999999999943e+02
6.548185035320488456e-01,1.863000000000000114e+02
6.556869630858049858e-01,1.858000000000000114e+02
6.565554226395609039e-01,1.855999999999999943e+02
6.574238821933170440e-01,1.853000000000000114e+02
6.582923417470729621e-01,1.850999999999999943e+02
6.591608013008291023e-01,1.850000000000000000e+02
6.600292608545850204e-01,1.845000000000000000e+02
6.608977204083411605e-01,1.844000000000000057e+02
6.617661799620971896e-01,1.841999999999999886e+02
6.626346395158533298e-01,1.841999999999999886e+02
6.635030990696094699e-01,1.840000000000000000e+02
6.643715586233653880e-01,1.835000000000000000e+02
6.652400181771213061e-01,1.831999999999999886e+02
6.661084777308774463e-01,1.830999999999999943e+02
6.669769372846335864e-01,1.829000000000000057e+02
6.678453968383895045e-01,1.826999999999999886e+02
6.687138563921454226e-01,1.823000000000000114e+02
6.695823159459015628e-01,1.819000000000000057e+02
6.704507754996577029e-01,1.818000000000000114e+02
6.713192350534136210e-01,1.815999999999999943e+02
6.721876946071695391e-01,1.814000000000000057e+02
6.730561541609256793e-01,1.811999999999999886e+02
6.739246137146818194e-01,1.806999999999999886e+02
6.747930732684377375e-01,1.805000000000000000e+02
6.756615328221936556e-01,1.798000000000000114e+02
6.765299923759497958e-01,1.795999999999999943e+02
6.773984519297059359e-01,1.794000000000000057e+02
6.782669114834618540e-01,1.791999999999999886e+02
6.791353710372177721e-01,1.790999999999999943e+02
6.800038305909739123e-01,1.789000000000000057e+02
6.808722901447300524e-01,1.786999999999999886e+02
6.817407496984859705e-01,1.783000000000000114e+02
6.826092092522418886e-01,1.780999999999999943e+02
6.834776688059980287e-01,1.778000000000000114e+02
6.843461283597541689e-01,1.775000000000000000e+02
6.852145879135101980e-01,1.771999999999999886e+02
6.860830474672663382e-01,1.769000000000000057e+02
6.869515070210222563e-01,1.768000000000000114e+02
6.878199665747783964e-01,1.768000000000000114e+02
6.886884261285343145e-01,1.765999999999999943e+02
6.895568856822904547e-01,1.765999999999999943e+02
6.904253452360463728e-01,1.765000000000000000e+02
6.912938047898025129e-01,1.764000000000000057e+02
6.921622643435584310e-01,1.761999999999999886e+02
6.930307238973145711e-01,1.760000000000000000e+02
6.938991834510704892e-01,1.758000000000000114e+02
6.947676430048266294e-01,1.758000000000000114e+02
6.956361025585825475e-01,1.755999999999999943e+02
6.965045621123386876e-01,1.755000000000000000e+02
6.973730216660946057e-01,1.751999999999999886e+02
6.982414812198507459e-01,1.749000000000000057e+02
6.991099407736066640e-01,1.749000000000000057e+02
6.999784003273628041e-01,1.749000000000000057e+02
7.008468598811187222e-01,1.746999999999999886e+02
7.017153194348748624e-01,1.745000000000000000e+02
7.025837789886307805e-01,1.741999999999999886e+02
7.034522385423869206e-01,1.739000000000000057e+02
7.043206980961428387e-01,1.735000000000000000e+02
7.051891576498989789e-01,1.730000000000000000e+02
7.060576172036548970e-01,1.725000000000000000e+02
7.069260767574110371e-01,1.723000000000000114e+02
7.077945363111669552e-01,1.720999999999999943e+02
7.086629958649230954e-01,1.718000000000000114e+02
7.095314554186790135e-01,1.716999999999999886e+02
7.103999149724352646e-01,1.715000000000000000e+02
7.112683745261910717e-01,1.714000000000000057e+02
7.121368340799473229e-01,1.710999999999999943e+02
7.130052936337031300e-01,1.710999999999999943e+02
7.138737531874593811e-01,1.706999999999999886e+02
7.147422127412151882e-01,1.701999999999999886e+02
7.156106722949714394e-01,1.700999999999999943e+02
7.164791318487272465e-01,1.699000000000000057e+02
7.173475914024834976e-01,1.699000000000000057e+02
7.182160509562393047e-01,1.696999999999999886e+02
7.190845105099955559e-01,1.694000000000000057e+02
7.199529700637513630e-01,1.691999999999999886e+02
7.208214296175076141e-01,1.689000000000000057e+02
7.216898891712634212e-01,1.688000000000000114e+02
7.225583487250196724e-01,1.685000000000000000e+02
7.234268082787754794e-01,1.683000000000000114e+02
7.242952678325317306e-01,1.680999999999999943e+02
7.251637273862875377e-01,1.679000000000000057e+02
7.260321869400437889e-01,1.676999999999999886e+02
7.269006464937995959e-01,1.675999999999999943e+02
7.277691060475558471e-01,1.675000000000000000e+02
7.286375656013116542e-01,1.673000000000000114e+02
7.295060251550679054e-01,1.671999999999999886e+02
7.303744847088237124e-01,1.669000000000000057e+02
7.312429442625799636e-01,1.669000000000000057e+02
7.321114038163357707e-01,1.669000000000000057e+02
7.329798633700920218e-01,1.666999999999999886e+02
7.338483229238479399e-01,1.663000000000000114e+02
7.347167824776040801e-01,1.658000000000000114e+02
7.355852420313599982e-01,1.655999999999999943e+02
7.364537015851161383e-01,1.655000000000000000e+02
7.373221611388720564e-01,1.654000000000000057e+02
7.381906206926281966e-01,1.649000000000000057e+02
7.390590802463841147e-01,1.645999999999999943e+02
7.399275398001402548e-01,1.645000000000000000e+02
7.407959993538961729e-01,1.643000000000000114e+02
7.416644589076523131e-01,1.643000000000000114e+02
7.425329184614082312e-01,1.643000000000000114e+02
7.434013780151643713e-01,1.641999999999999886e+02
7.442698375689202894e-01,1.639000000000000057e+02
7.451382971226764296e-01,1.635999999999999943e+02
7.460067566764323477e-01,1.635999999999999943e+02
7.468752162301884878e-01,1.634000000000000057e+02
7.477436757839444059e-01,1.630999999999999943e+02
7.486121353377005461e-01,1.629000000000000057e+02
7.494805948914564642e-01,1.626999999999999886e+02
7.503490544452126043e-01,1.623000000000000114e+02
7.512175139989685224e-01,1.620999999999999943e+02
7.520859735527246626e-01,1.615000000000000000e+02
7.529544331064805807e-01,1.611999999999999886e+02
7.538228926602367208e-01,1.611999999999999886e+02
7.546913522139926389e-01,1.606999999999999886e+02
7.555598117677487791e-01,1.605999999999999943e+02
7.564282713215046972e-01,1.604000000000000057e+02
7.572967308752609483e-01,1.600000000000000000e+02
7.581651904290168664e-01,1.595000000000000000e+02
7.590336499827730066e-01,1.594000000000000057e+02
7.599021095365291467e-01,1.591999999999999886e+02
7.607705690902850648e-01,1.591999999999999886e+02
7.616390286440409829e-01,1.590000000000000000e+02
7.625074881977971231e-01,1.588000000000000114e+02
7.633759477515532632e-01,1.584000000000000057e+02
7.642444073053091813e-01,1.583000000000000114e+02
7.651128668590650994e-01,1.580999999999999943e+02
7.659813264128212396e-01,1.580000000000000000e+02
7.668497859665773797e-01,1.580000000000000000e+02
7.677182455203332978e-01,1.578000000000000114e+02
7.685867050740892159e-01,1.575999999999999943e+02
7.694551646278453561e-01,1.574000000000000057e+02
7.703236241816014962e-01,1.571999999999999886e+02
7.711920837353574143e-01,1.570999999999999943e+02
7.720605432891133324e-01,1.569000000000000057e+02
7.729290028428694725e-01,1.568000000000000114e+02
7.737974623966256127e-01,1.568000000000000114e+02
7.746659219503815308e-01,1.566999999999999886e+02
7.755343815041374489e-01,1.564000000000000057e+02
7.764028410578935890e-01,1.560000000000000000e+02
7.772713006116497292e-01,1.559000000000000057e+02
7.781397601654056473e-01,1.556999999999999886e+02
7.790082197191615654e-01,1.555000000000000000e+02
7.798766792729177055e-01,1.554000000000000057e+02
7.807451388266738457e-01,1.554000000000000057e+02
7.816135983804298748e-01,1.553000000000000114e+02
7.824820579341860149e-01,1.551999999999999886e+02
7.833505174879419330e-01,1.549000000000000057e+02
7.842189770416980732e-01,1.548000000000000114e+02
7.850874365954539913e-01,1.546999999999999886e+02
7.859558961492101314e-01,1.545999999999999943e+02
7.868243557029660495e-01,1.541999999999999886e+02
7.876928152567221897e-01,1.540999999999999943e+02
7.885612748104781078e-01,1.540000000000000000e+02
7.894297343642342479e-01,1.536999999999999886e+02
7.902981939179901660e-01,1.535999999999999943e+02
7.911666534717463062e-01,1.534000000000000057e+02
7.920351130255022243e-01,1.533000000000000114e+02
7.929035725792583644e-01,1.530999999999999943e+02
7.937720321330142825e-01,1.526999999999999886e+02
7.946404916867704227e-01,1.525000000000000000e+02
7.955089512405263408e-01,1.523000000000000114e+02
7.963774107942824809e-01,1.521999999999999886e+02
7.972458703480383990e-01,1.521999999999999886e+02
7.981143299017945392e-01,1.520000000000000000e+02
7.989827894555504573e-01,1.518000000000000114e+02
7.998512490093065974e-01,1.515999999999999943e+02
8.007197085630626265e-01,1.515000000000000000e+02
8.015881681168186557e-01,1.514000000000000057e+02
8.024566276705746848e-01,1.509000000000000057e+02
8.033250872243307139e-01,1.508000000000000114e+02
8.041935467780867430e-01,1.505000000000000000e+02
8.050620063318427722e-01,1.505000000000000000e+02
8.059304658855988013e-01,1.505000000000000000e+02
8.067989254393548304e-01,1.501999999999999886e+02
8.076673849931108595e-01,1.500000000000000000e+02
8.085358445468668886e-01,1.499000000000000057e+02
8.094043041006229178e-01,1.495000000000000000e+02
8.102727636543789469e-01,1.494000000000000057e+02
8.111412232081349760e-01,1.493000000000000114e+02
8.120096827618910051e-01,1.493000000000000114e+02
8.128781423156470343e-01,1.489000000000000057e+02
8.137466018694030634e-01,1.486999999999999886e+02
8.146150614231590925e-01,1.485999999999999943e+02
8.154835209769151216e-01,1.485999999999999943e+02
8.163519805306711508e-01,1.484000000000000057e+02
8.172204400844271799e-01,1.483000000000000114e+02
8.180888996381832090e-01,1.480999999999999943e+02
8.189573591919392381e-01,1.478000000000000114e+02
8.198258187456952673e-01,1.476999999999999886e+02
8.206942782994512964e-01,1.476999999999999886e+02
8.215627378532073255e-01,1.476999999999999886e+02
8.224311974069633546e-01,1.475000000000000000e+02
8.232996569607193837e-01,1.474000000000000057e+02
8.241681165144754129e-01,1.474000000000000057e+02
8.250365760682314420e-01,1.471999999999999886e+02
8.259050356219874711e-01,1.470000000000000000e+02
8.267734951757435002e-01,1.469000000000000057e+02
8.276419547294995294e-01,1.468000000000000114e+02
8.285104142832555585e-01,1.465999999999999943e+02
8.293788738370115876e-01,1.463000000000000114e+02
8.302473333907676167e-01,1.458000000000000114e+02
8.311157929445236459e-01,1.458000000000000114e+02
8.319842524982796750e-01,1.455000000000000000e+02
8.328527120520357041e-01,1.450999999999999943e+02
8.337211716057917332e-01,1.448000000000000114e+02
8.345896311595477624e-01,1.448000000000000114e+02
8.354580907133037915e-01,1.448000000000000114e+02
8.363265502670598206e-01,1.445000000000000000e+02
8.371950098208158497e-01,1.443000000000000114e+02
8.380634693745718788e-01,1.441999999999999886e+02
8.389319289283279080e-01,1.438000000000000114e+02
8.398003884820839371e-01,1.435999999999999943e+02
8.406688480358399662e-01,1.435000000000000000e+02
8.415373075895959953e-01,1.434000000000000057e+02
8.424057671433520245e-01,1.433000000000000114e+02
8.432742266971080536e-01,1.431999999999999886e+02
8.441426862508640827e-01,1.428000000000000114e+02
8.450111458046201118e-01,1.426999999999999886e+02
8.458796053583761410e-01,1.425999999999999943e+02
8.467480649121321701e-01,1.420000000000000000e+02
8.476165244658881992e-01,1.419000000000000057e+02
8.484849840196442283e-01,1.419000000000000057e+02
8.493534435734002574e-01,1.415999999999999943e+02
8.502219031271562866e-01,1.413000000000000114e+02
8.510903626809123157e-01,1.413000000000000114e+02
8.519588222346683448e-01,1.411999999999999886e+02
8.528272817884243739e-01,1.410999999999999943e+02
8.536957413421806251e-01,1.408000000000000114e+02
8.545642008959364322e-01,1.405999999999999943e+02
8.554326604496926834e-01,1.403000000000000114e+02
8.563011200034489345e-01,1.400999999999999943e+02
8.571695795572047416e-01,1.399000000000000057e+02
8.580380391109605487e-01,1.395999999999999943e+02
8.589064986647167999e-01,1.395999999999999943e+02
8.597749582184730510e-01,1.394000000000000057e+02
8.606434177722288581e-01,1.393000000000000114e+02
8.615118773259846652e-01,1.390000000000000000e+02
8.623803368797409163e-01,1.389000000000000057e+02
8.632487964334971675e-01,1.385999999999999943e+02
8.641172559872529746e-01,1.385000000000000000e+02
8.649857155410087817e-01,1.383000000000000114e+02
8.658541750947650328e-01,1.381999999999999886e+02
8.667226346485212840e-01,1.381999999999999886e+02
8.675910942022770911e-01,1.379000000000000057e+02
8.684595537560328982e-01,1.379000000000000057e+02
