0.000000000000000000e+00,8.621800000000000000e+04
8.684595537560336771e-04,6.474345999999999913e+04
1.736919107512067354e-03,5.325109999999999854e+04
2.605378661268099947e-03,4.535269999999999709e+04
3.473838215024134708e-03,3.958763999999999942e+04
4.342297768780167301e-03,3.516891999999999825e+04
5.210757322536199894e-03,3.167925999999999840e+04
6.079216876292228150e-03,2.882638000000000102e+04
6.947676430048269416e-03,2.645406000000000131e+04
7.816135983804303744e-03,2.444220000000000073e+04
8.684595537560334602e-03,2.273127999999999884e+04
9.553055091316372399e-03,2.124661999999999898e+04
1.042151464507239979e-02,1.994731999999999971e+04
1.128997419882842718e-02,1.880395999999999913e+04
1.215843375258445630e-02,1.779034000000000015e+04
1.302689330634050624e-02,1.687611999999999898e+04
1.389535286009653883e-02,1.605263999999999942e+04
1.476381241385257143e-02,1.531055999999999949e+04
1.563227196760860749e-02,1.463504000000000087e+04
1.650073152136463661e-02,1.401436000000000058e+04
1.736919107512066920e-02,1.344842000000000007e+04
1.823765062887671221e-02,1.292881999999999971e+04
1.910611018263274480e-02,1.244212000000000080e+04
1.997456973638877392e-02,1.199828000000000065e+04
2.084302929014479958e-02,1.158328000000000065e+04
2.171148884390082870e-02,1.119565999999999985e+04
2.257994839765685435e-02,1.083152000000000044e+04
2.344840795141288001e-02,1.048792000000000007e+04
2.431686750516891260e-02,1.017021999999999935e+04
2.518532705892498336e-02,9.868639999999999418e+03
2.605378661268101248e-02,9.588399999999999636e+03
2.692224616643704507e-02,9.321040000000000873e+03
2.779070572019307767e-02,9.069700000000000728e+03
2.865916527394911373e-02,8.833379999999999200e+03
2.952762482770514285e-02,8.607799999999999272e+03
3.039608438146117544e-02,8.392840000000000146e+03
3.126454393521721498e-02,8.191520000000000437e+03
3.213300348897324410e-02,7.997680000000000291e+03
3.300146304272927322e-02,7.811159999999999854e+03
3.386992259648530929e-02,7.634060000000000400e+03
3.473838215024133841e-02,7.469159999999999854e+03
3.560684170399739529e-02,7.309260000000000218e+03
3.647530125775342441e-02,7.155279999999999745e+03
3.734376081150946047e-02,7.008380000000000109e+03
3.821222036526548960e-02,6.869220000000000255e+03
3.908067991902151872e-02,6.732899999999999636e+03
3.994913947277754784e-02,6.603020000000000437e+03
4.081759902653357003e-02,6.477319999999999709e+03
4.168605858028959915e-02,6.357800000000000182e+03
4.255451813404562827e-02,6.238600000000000364e+03
4.342297768780165740e-02,6.127260000000000218e+03
4.429143724155767958e-02,6.021479999999999563e+03
4.515989679531370871e-02,5.916960000000000036e+03
4.602835634906973089e-02,5.817520000000000437e+03
4.689681590282576001e-02,5.720300000000000182e+03
4.776527545658185159e-02,5.626439999999999600e+03
4.863373501033782520e-02,5.535539999999999964e+03
4.950219456409392371e-02,5.448460000000000036e+03
5.037065411784996671e-02,5.362739999999999782e+03
5.123911367160599584e-02,5.279640000000000327e+03
5.210757322536202496e-02,5.198579999999999927e+03
5.297603277911806102e-02,5.121000000000000000e+03
5.384449233287409015e-02,5.044899999999999636e+03
5.471295188663011927e-02,4.973800000000000182e+03
5.558141144038615533e-02,4.902439999999999600e+03
5.644987099414218445e-02,4.834899999999999636e+03
5.731833054789822746e-02,4.767979999999999563e+03
5.818679010165425658e-02,4.704420000000000073e+03
5.905524965541028570e-02,4.640680000000000291e+03
5.992370920916631483e-02,4.578600000000000364e+03
6.079216876292235089e-02,4.518380000000000109e+03
6.166062831667839389e-02,4.459640000000000327e+03
6.252908787043442995e-02,4.403520000000000437e+03
6.339754742419045908e-02,4.348819999999999709e+03
6.426600697794648820e-02,4.296220000000000255e+03
6.513446653170251732e-02,4.241960000000000036e+03
6.600292608545854645e-02,4.192479999999999563e+03
6.687138563921458945e-02,4.144000000000000000e+03
6.773984519297061857e-02,4.093880000000000109e+03
6.860830474672664769e-02,4.045800000000000182e+03
6.947676430048267682e-02,3.998559999999999945e+03
7.034522385423870594e-02,3.951420000000000073e+03
7.121368340799479058e-02,3.907940000000000055e+03
7.208214296175081970e-02,3.863639999999999873e+03
7.295060251550684882e-02,3.821079999999999927e+03
7.381906206926289182e-02,3.781619999999999891e+03
7.468752162301892095e-02,3.740780000000000200e+03
7.555598117677495007e-02,3.701420000000000073e+03
7.642444073053097919e-02,3.662179999999999836e+03
7.729290028428700832e-02,3.623239999999999782e+03
7.816135983804303744e-02,3.586340000000000146e+03
7.902981939179906656e-02,3.548440000000000055e+03
7.989827894555509569e-02,3.511980000000000018e+03
8.076673849931111093e-02,3.477340000000000146e+03
8.163519805306714006e-02,3.442980000000000018e+03
8.250365760682316918e-02,3.410219999999999800e+03
8.337211716057919830e-02,3.376820000000000164e+03
8.424057671433525518e-02,3.345360000000000127e+03
8.510903626809125655e-02,3.313320000000000164e+03
8.597749582184731343e-02,3.281559999999999945e+03
8.684595537560331480e-02,3.250699999999999818e+03
8.771441492935937168e-02,3.220179999999999836e+03
8.858287448311535917e-02,3.191079999999999927e+03
8.945133403687142992e-02,3.161980000000000018e+03
9.031979359062741741e-02,3.132739999999999782e+03
9.118825314438348817e-02,3.105179999999999836e+03
9.205671269813946178e-02,3.078039999999999964e+03
9.292517225189554642e-02,3.051420000000000073e+03
9.379363180565152003e-02,3.025039999999999964e+03
9.466209135940761854e-02,2.998380000000000109e+03
9.553055091316370318e-02,2.973980000000000018e+03
9.639901046691967679e-02,2.947980000000000018e+03
9.726747002067565040e-02,2.925239999999999782e+03
9.813592957443174891e-02,2.899980000000000018e+03
9.900438912818784742e-02,2.876639999999999873e+03
9.987284868194380716e-02,2.853139999999999873e+03
1.007413082356999334e-01,2.831239999999999782e+03
1.016097677894558654e-01,2.808579999999999927e+03
1.024782273432119917e-01,2.786400000000000091e+03
1.033466868969679237e-01,2.763800000000000182e+03
1.042151464507240499e-01,2.741940000000000055e+03
1.050836060044799819e-01,2.721480000000000018e+03
1.059520655582361220e-01,2.700440000000000055e+03
1.068205251119920401e-01,2.679940000000000055e+03
1.076889846657481803e-01,2.659519999999999982e+03
1.085574442195040984e-01,2.640280000000000200e+03
1.094259037732602385e-01,2.620639999999999873e+03
1.102943633270161566e-01,2.601599999999999909e+03
1.111628228807723107e-01,2.582760000000000218e+03
1.120312824345282149e-01,2.563559999999999945e+03
1.128997419882843689e-01,2.544860000000000127e+03
1.137682015420402731e-01,2.526820000000000164e+03
1.146366610957964549e-01,2.508280000000000200e+03
1.155051206495523314e-01,2.491239999999999782e+03
1.163735802033085132e-01,2.473519999999999982e+03
1.172420397570643896e-01,2.456960000000000036e+03
1.181104993108205714e-01,2.439679999999999836e+03
1.189789588645764479e-01,2.422539999999999964e+03
1.198474184183326297e-01,2.406239999999999782e+03
1.207158779720885061e-01,2.390119999999999891e+03
1.215843375258447018e-01,2.374079999999999927e+03
1.224527970796006060e-01,2.356639999999999873e+03
1.233212566333567878e-01,2.340539999999999964e+03
1.241897161871126642e-01,2.324659999999999854e+03
1.250581757408688599e-01,2.309099999999999909e+03
1.259266352946247225e-01,2.294059999999999945e+03
1.267950948483809182e-01,2.279199999999999818e+03
1.276635544021367807e-01,2.264900000000000091e+03
1.285320139558929764e-01,2.250539999999999964e+03
1.294004735096488667e-01,2.236699999999999818e+03
1.302689330634050346e-01,2.222800000000000182e+03
1.311373926171609250e-01,2.208239999999999782e+03
1.320058521709170929e-01,2.194519999999999982e+03
1.328743117246729832e-01,2.181119999999999891e+03
1.337427712784291789e-01,2.167619999999999891e+03
1.346112308321850415e-01,2.154179999999999836e+03
1.354796903859412371e-01,2.142099999999999909e+03
1.363481499396970997e-01,2.129260000000000218e+03
1.372166094934532954e-01,2.115780000000000200e+03
1.380850690472091580e-01,2.102780000000000200e+03
1.389535286009653536e-01,2.090780000000000200e+03
1.398219881547212162e-01,2.079199999999999818e+03
1.406904477084774119e-01,2.067219999999999800e+03
1.415589072622332745e-01,2.054940000000000055e+03
1.424273668159895812e-01,2.043039999999999964e+03
1.432958263697453327e-01,2.031859999999999900e+03
1.441642859235016394e-01,2.020579999999999927e+03
1.450327454772573910e-01,2.008799999999999955e+03
1.459012050310136976e-01,1.997359999999999900e+03
1.467696645847694492e-01,1.985759999999999991e+03
1.476381241385257836e-01,1.974119999999999891e+03
1.485065836922815907e-01,1.963119999999999891e+03
1.493750432460378419e-01,1.952779999999999973e+03
1.502435027997936490e-01,1.941839999999999918e+03
1.511119623535499001e-01,1.931000000000000000e+03
1.519804219073057072e-01,1.920339999999999918e+03
1.528488814610619584e-01,1.909579999999999927e+03
1.537173410148177655e-01,1.899259999999999991e+03
1.545858005685740166e-01,1.889980000000000018e+03
1.554542601223298237e-01,1.880500000000000000e+03
1.563227196760860749e-01,1.871319999999999936e+03
1.571911792298418820e-01,1.861680000000000064e+03
1.580596387835981331e-01,1.852000000000000000e+03
1.589280983373539402e-01,1.842140000000000100e+03
1.597965578911101914e-01,1.831819999999999936e+03
1.606650174448659985e-01,1.822740000000000009e+03
1.615334769986222219e-01,1.813599999999999909e+03
1.624019365523780567e-01,1.804299999999999955e+03
1.632703961061342801e-01,1.795140000000000100e+03
1.641388556598901705e-01,1.786160000000000082e+03
1.650073152136463384e-01,1.777400000000000091e+03
1.658757747674022287e-01,1.767759999999999991e+03
1.667442343211583966e-01,1.759059999999999945e+03
1.676126938749143147e-01,1.750039999999999964e+03
1.684811534286705104e-01,1.740980000000000018e+03
1.693496129824263452e-01,1.732380000000000109e+03
1.702180725361825131e-01,1.723480000000000018e+03
1.710865320899384312e-01,1.714640000000000100e+03
1.719549916436946269e-01,1.706799999999999955e+03
1.728234511974504617e-01,1.698920000000000073e+03
1.736919107512066296e-01,1.691279999999999973e+03
1.745603703049625754e-01,1.683839999999999918e+03
1.754288298587187434e-01,1.675700000000000045e+03
1.762972894124745782e-01,1.667579999999999927e+03
1.771657489662307183e-01,1.660079999999999927e+03
1.780342085199866919e-01,1.652019999999999982e+03
1.789026680737428598e-01,1.644900000000000091e+03
1.797711276274986947e-01,1.637660000000000082e+03
1.806395871812548348e-01,1.630599999999999909e+03
1.815080467350108084e-01,1.623319999999999936e+03
1.823765062887669763e-01,1.616420000000000073e+03
1.832449658425227557e-01,1.609220000000000027e+03
1.841134253962789236e-01,1.601019999999999982e+03
1.849818849500349249e-01,1.593559999999999945e+03
1.858503445037910928e-01,1.586900000000000091e+03
1.867188040575468722e-01,1.580079999999999927e+03
1.875872636113030401e-01,1.573220000000000027e+03
1.884557231650590969e-01,1.567440000000000055e+03
1.893241827188152371e-01,1.560579999999999927e+03
1.901926422725710442e-01,1.554200000000000045e+03
1.910611018263274064e-01,1.548200000000000045e+03
1.919295613800836020e-01,1.541960000000000036e+03
1.927980209338393536e-01,1.535400000000000091e+03
1.936664804875951051e-01,1.528599999999999909e+03
1.945349400413513008e-01,1.521819999999999936e+03
1.954033995951077185e-01,1.515539999999999964e+03
1.962718591488634978e-01,1.509039999999999964e+03
1.971403187026195825e-01,1.501880000000000109e+03
1.980087782563756948e-01,1.495740000000000009e+03
1.988772378101318350e-01,1.489319999999999936e+03
1.997456973638876143e-01,1.483319999999999936e+03
2.006141569176436990e-01,1.476539999999999964e+03
2.014826164713998669e-01,1.470200000000000045e+03
2.023510760251559515e-01,1.464299999999999955e+03
2.032195355789117308e-01,1.458059999999999945e+03
2.040879951326678154e-01,1.452740000000000009e+03
2.049564546864239833e-01,1.447279999999999973e+03
2.058249142401800680e-01,1.441440000000000055e+03
2.066933737939358473e-01,1.435240000000000009e+03
2.075618333476919319e-01,1.429240000000000009e+03
2.084302929014480998e-01,1.423920000000000073e+03
2.092987524552041845e-01,1.417680000000000064e+03
2.101672120089599638e-01,1.412279999999999973e+03
2.110356715627160207e-01,1.406880000000000109e+03
2.119041311164722441e-01,1.402200000000000045e+03
2.127725906702283010e-01,1.396380000000000109e+03
2.136410502239840803e-01,1.390519999999999982e+03
2.145095097777401372e-01,1.385500000000000000e+03
2.153779693314963606e-01,1.380079999999999927e+03
2.162464288852524175e-01,1.374640000000000100e+03
2.171148884390081968e-01,1.369619999999999891e+03
2.179833479927642537e-01,1.364559999999999945e+03
2.188518075465204771e-01,1.359420000000000073e+03
2.197202671002765617e-01,1.354259999999999991e+03
2.205887266540323133e-01,1.349019999999999982e+03
2.214571862077883979e-01,1.344200000000000045e+03
2.223256457615446213e-01,1.338400000000000091e+03
2.231941053153006782e-01,1.333700000000000045e+03
2.240625648690564298e-01,1.328319999999999936e+03
2.249310244228124867e-01,1.323180000000000064e+03
2.257994839765687378e-01,1.318359999999999900e+03
2.266679435303247947e-01,1.313460000000000036e+03
2.275364030840805463e-01,1.308559999999999945e+03
2.284048626378366031e-01,1.303819999999999936e+03
2.292733221915929098e-01,1.299400000000000091e+03
2.301417817453489112e-01,1.294759999999999991e+03
2.310102412991046628e-01,1.290119999999999891e+03
2.318787008528607196e-01,1.285579999999999927e+03
2.327471604066170263e-01,1.280940000000000055e+03
2.336156199603730277e-01,1.276200000000000045e+03
2.344840795141287793e-01,1.271180000000000064e+03
2.353525390678848361e-01,1.267619999999999891e+03
2.362209986216411428e-01,1.262819999999999936e+03
2.370894581753971719e-01,1.258420000000000073e+03
2.379579177291528957e-01,1.253940000000000055e+03
2.388263772829090081e-01,1.249440000000000055e+03
2.396948368366652593e-01,1.245319999999999936e+03
2.405632963904213717e-01,1.241079999999999927e+03
2.414317559441770122e-01,1.236500000000000000e+03
2.423002154979331246e-01,1.232420000000000073e+03
2.431686750516894036e-01,1.228519999999999982e+03
2.440371346054454882e-01,1.224059999999999945e+03
2.449055941592012120e-01,1.219660000000000082e+03
2.457740537129572134e-01,1.215519999999999982e+03
2.466425132667135756e-01,1.211519999999999982e+03
2.475109728204696047e-01,1.207460000000000036e+03
2.483794323742253285e-01,1.203279999999999973e+03
2.492478919279813299e-01,1.199200000000000045e+03
2.501163514817377198e-01,1.195519999999999982e+03
2.509848110354936934e-01,1.192059999999999945e+03
2.518532705892494450e-01,1.188259999999999991e+03
2.527217301430054741e-01,1.184259999999999991e+03
2.535901896967618363e-01,1.180180000000000064e+03
2.544586492505178099e-01,1.176400000000000091e+03
2.553271088042735615e-01,1.172420000000000073e+03
2.561955683580295906e-01,1.168619999999999891e+03
2.570640279117859528e-01,1.164940000000000055e+03
2.579324874655419264e-01,1.160700000000000045e+03
2.588009470192977335e-01,1.156720000000000027e+03
2.596694065730537071e-01,1.152900000000000091e+03
2.605378661268100693e-01,1.149259999999999991e+03
2.614063256805660429e-01,1.145440000000000055e+03
2.622747852343218500e-01,1.141420000000000073e+03
2.631432447880778236e-01,1.138059999999999945e+03
2.640117043418341858e-01,1.134259999999999991e+03
2.648801638955901594e-01,1.130319999999999936e+03
2.657486234493459665e-01,1.126859999999999900e+03
2.666170830031019401e-01,1.123200000000000045e+03
2.674855425568583578e-01,1.119700000000000045e+03
2.683540021106142759e-01,1.116180000000000064e+03
2.692224616643700830e-01,1.112819999999999936e+03
2.700909212181260011e-01,1.109599999999999909e+03
2.709593807718824743e-01,1.105880000000000109e+03
2.718278403256383924e-01,1.102779999999999973e+03
2.726962998793941995e-01,1.099000000000000000e+03
2.735647594331501176e-01,1.095319999999999936e+03
2.744332189869065908e-01,1.091779999999999973e+03
2.753016785406625089e-01,1.088460000000000036e+03
2.761701380944183160e-01,1.085039999999999964e+03
2.770385976481742341e-01,1.081980000000000018e+03
2.779070572019307073e-01,1.079180000000000064e+03
2.787755167556866254e-01,1.075640000000000100e+03
2.796439763094424324e-01,1.072519999999999982e+03
2.805124358631983505e-01,1.069519999999999982e+03
2.813808954169548238e-01,1.066200000000000045e+03
2.822493549707107419e-01,1.063019999999999982e+03
2.831178145244665489e-01,1.059720000000000027e+03
2.839862740782232442e-01,1.056759999999999991e+03
2.848547336319791623e-01,1.053839999999999918e+03
2.857231931857349139e-01,1.050559999999999945e+03
2.865916527394906654e-01,1.047319999999999936e+03
2.874601122932465835e-01,1.044500000000000000e+03
2.883285718470032788e-01,1.041400000000000091e+03
2.891970314007590304e-01,1.037980000000000018e+03
2.900654909545147819e-01,1.034500000000000000e+03
2.909339505082714772e-01,1.030940000000000055e+03
2.918024100620273953e-01,1.027799999999999955e+03
2.926708696157831469e-01,1.024839999999999918e+03
2.935393291695388984e-01,1.021820000000000050e+03
2.944077887232948165e-01,1.018779999999999973e+03
2.952762482770515673e-01,1.016120000000000005e+03
2.961447078308073189e-01,1.013019999999999982e+03
2.970131673845631815e-01,1.009919999999999959e+03
2.978816269383197657e-01,1.007220000000000027e+03
2.987500864920756838e-01,1.004320000000000050e+03
2.996185460458314354e-01,1.001539999999999964e+03
3.004870055995872979e-01,9.987799999999999727e+02
3.013554651533438822e-01,9.963200000000000500e+02
3.022239247070998003e-01,9.932599999999999909e+02
3.030923842608555518e-01,9.903999999999999773e+02
3.039608438146114144e-01,9.877400000000000091e+02
3.048293033683679987e-01,9.848999999999999773e+02
3.056977629221239168e-01,9.822999999999999545e+02
3.065662224758796683e-01,9.797000000000000455e+02
3.074346820296355309e-01,9.768200000000000500e+02
3.083031415833921152e-01,9.746200000000000045e+02
3.091716011371480333e-01,9.718600000000000136e+02
3.100400606909037848e-01,9.687599999999999909e+02
3.109085202446596474e-01,9.659400000000000546e+02
3.117769797984162317e-01,9.635800000000000409e+02
3.126454393521721498e-01,9.608999999999999773e+02
3.135138989059279013e-01,9.581200000000000045e+02
3.143823584596837639e-01,9.553400000000000318e+02
3.152508180134403482e-01,9.530399999999999636e+02
3.161192775671962663e-01,9.503600000000000136e+02
3.169877371209520178e-01,9.475000000000000000e+02
3.178561966747078804e-01,9.448600000000000136e+02
3.187246562284644646e-01,9.424400000000000546e+02
3.195931157822203827e-01,9.400000000000000000e+02
3.204615753359761343e-01,9.377000000000000455e+02
3.213300348897319969e-01,9.351399999999999864e+02
3.221984944434885811e-01,9.328999999999999773e+02
3.230669539972444437e-01,9.304600000000000364e+02
3.239354135510002508e-01,9.280000000000000000e+02
3.248038731047561134e-01,9.254800000000000182e+02
3.256723326585126976e-01,9.232200000000000273e+02
3.265407922122685602e-01,9.209800000000000182e+02
3.274092517660243673e-01,9.189600000000000364e+02
3.282777113197803409e-01,9.163600000000000136e+02
3.291461708735368141e-01,9.138200000000000500e+02
3.300146304272926767e-01,9.113999999999999773e+02
3.308830899810484838e-01,9.090000000000000000e+02
3.317515495348044574e-01,9.061200000000000045e+02
3.326200090885609306e-01,9.037999999999999545e+02
3.334884686423167932e-01,9.014400000000000546e+02
3.343569281960726003e-01,8.988600000000000136e+02
3.352253877498286294e-01,8.966200000000000045e+02
3.360938473035849916e-01,8.944400000000000546e+02
3.369623068573410207e-01,8.922599999999999909e+02
3.378307664110968278e-01,8.902400000000000091e+02
3.386992259648526904e-01,8.879600000000000364e+02
3.395676855186091636e-01,8.857200000000000273e+02
3.404361450723650262e-01,8.834600000000000364e+02
3.413046046261208333e-01,8.810399999999999636e+02
3.421730641798768624e-01,8.783999999999999773e+02
3.430415237336332801e-01,8.761599999999999682e+02
3.439099832873892537e-01,8.737799999999999727e+02
3.447784428411451163e-01,8.713799999999999955e+02
3.456469023949009234e-01,8.692799999999999727e+02
3.465153619486575076e-01,8.672400000000000091e+02
3.473838215024132592e-01,8.647999999999999545e+02
3.482522810561691773e-01,8.625199999999999818e+02
3.491207406099251509e-01,8.604400000000000546e+02
3.499892001636814576e-01,8.583400000000000318e+02
3.508576597174374867e-01,8.561000000000000227e+02
3.517261192711934048e-01,8.540399999999999636e+02
3.525945788249491564e-01,8.521599999999999682e+02
3.534630383787057406e-01,8.501000000000000227e+02
3.543314979324614367e-01,8.476799999999999500e+02
3.551999574862174103e-01,8.456599999999999682e+02
3.560684170399733839e-01,8.439199999999999591e+02
3.569368765937296906e-01,8.420199999999999818e+02
3.578053361474857197e-01,8.397999999999999545e+02
3.586737957012416378e-01,8.375599999999999454e+02
3.595422552549973894e-01,8.357599999999999909e+02
3.604107148087539736e-01,8.337799999999999727e+02
3.612791743625096696e-01,8.317200000000000273e+02
3.621476339162656433e-01,8.293799999999999955e+02
3.630160934700216169e-01,8.275199999999999818e+02
3.638845530237779236e-01,8.256000000000000227e+02
3.647530125775339527e-01,8.236599999999999682e+02
3.656214721312899263e-01,8.218999999999999773e+02
3.664899316850455113e-01,8.202000000000000455e+02
3.673583912388022621e-01,8.180199999999999818e+02
3.682268507925578471e-01,8.159400000000000546e+02
3.690953103463138762e-01,8.140599999999999454e+02
3.699637699000698499e-01,8.123799999999999955e+02
3.708322294538261565e-01,8.105199999999999818e+02
3.717006890075821857e-01,8.087599999999999909e+02
3.725691485613381593e-01,8.068200000000000500e+02
3.734376081150937443e-01,8.051399999999999864e+02
3.743060676688504951e-01,8.032200000000000273e+02
3.751745272226060801e-01,8.016200000000000045e+02
3.760429867763621092e-01,7.999199999999999591e+02
3.769114463301181939e-01,7.979600000000000364e+02
3.777799058838743340e-01,7.962200000000000273e+02
3.786483654376304742e-01,7.944600000000000364e+02
3.795168249913863923e-01,7.925599999999999454e+02
3.803852845451420883e-01,7.908600000000000136e+02
3.812537440988988391e-01,7.889800000000000182e+02
3.821222036526548127e-01,7.870199999999999818e+02
3.829906632064103422e-01,7.854600000000000364e+02
3.838591227601672040e-01,7.837200000000000273e+02
3.847275823139226780e-01,7.818600000000000136e+02
3.855960418676787071e-01,7.802000000000000455e+02
3.864645014214347363e-01,7.784600000000000364e+02
3.873329609751902103e-01,7.765199999999999818e+02
3.882014205289470721e-01,7.752799999999999727e+02
3.890698800827026016e-01,7.733999999999999773e+02
3.899383396364585752e-01,7.718200000000000500e+02
3.908067991902154370e-01,7.701399999999999864e+02
3.916752587439709110e-01,7.685199999999999818e+02
3.925437182977269956e-01,7.671799999999999500e+02
3.934121778514831913e-01,7.657200000000000273e+02
3.942806374052391649e-01,7.641599999999999682e+02
3.951490969589953051e-01,7.625000000000000000e+02
3.960175565127513897e-01,7.610000000000000000e+02
3.968860160665069192e-01,7.592200000000000273e+02
3.977544756202636700e-01,7.574199999999999591e+02
3.986229351740191440e-01,7.557999999999999545e+02
3.994913947277752286e-01,7.538799999999999955e+02
4.003598542815314243e-01,7.522000000000000455e+02
4.012283138352873979e-01,7.510599999999999454e+02
4.020967733890436491e-01,7.496200000000000045e+02
4.029652329427997337e-01,7.480199999999999818e+02
4.038336924965551522e-01,7.464400000000000546e+02
4.047021520503119030e-01,7.448200000000000500e+02
4.055706116040673770e-01,7.431000000000000227e+02
4.064390711578234616e-01,7.415199999999999818e+02
4.073075307115796573e-01,7.402599999999999909e+02
4.081759902653356309e-01,7.388200000000000500e+02
4.090444498190918821e-01,7.371000000000000227e+02
4.099129093728479667e-01,7.358200000000000500e+02
4.107813689266033852e-01,7.344800000000000182e+02
4.116498284803601360e-01,7.331200000000000045e+02
4.125182880341155545e-01,7.316399999999999864e+02
4.133867475878716946e-01,7.303999999999999773e+02
4.142552071416279458e-01,7.290800000000000409e+02
4.151236666953838639e-01,7.276799999999999500e+02
4.159921262491401150e-01,7.261799999999999500e+02
4.168605858028961997e-01,7.246399999999999864e+02
4.177290453566516182e-01,7.229800000000000182e+02
4.185975049104083689e-01,7.214400000000000546e+02
4.194659644641637875e-01,7.198200000000000500e+02
4.203344240179199276e-01,7.186200000000000045e+02
4.212028835716761788e-01,7.173400000000000318e+02
4.220713431254320414e-01,7.163400000000000318e+02
4.229398026791883480e-01,7.147999999999999545e+02
4.238082622329444882e-01,7.135000000000000000e+02
4.246767217866998512e-01,7.120599999999999454e+02
4.255451813404566019e-01,7.105599999999999454e+02
4.264136408942120204e-01,7.088799999999999955e+02
4.272821004479681606e-01,7.073999999999999773e+02
4.281505600017244673e-01,7.061599999999999682e+02
4.290190195554802743e-01,7.048799999999999955e+02
4.298874791092365810e-01,7.031599999999999682e+02
4.307559386629927212e-01,7.017999999999999545e+02
4.316243982167481397e-01,7.005399999999999636e+02
4.324928577705048349e-01,6.994800000000000182e+02
4.333613173242602534e-01,6.978200000000000500e+02
4.342297768780163936e-01,6.965199999999999818e+02
4.350982364317727003e-01,6.950800000000000409e+02
4.359666959855285073e-01,6.937999999999999545e+02
4.368351555392848140e-01,6.926000000000000227e+02
4.377036150930409542e-01,6.912999999999999545e+02
4.385720746467963727e-01,6.900800000000000409e+02
4.394405342005531234e-01,6.888600000000000136e+02
4.403089937543084864e-01,6.874400000000000546e+02
4.411774533080646266e-01,6.859800000000000182e+02
4.420459128618209332e-01,6.848400000000000318e+02
4.429143724155767958e-01,6.833200000000000500e+02
4.437828319693330470e-01,6.819800000000000182e+02
4.446512915230892427e-01,6.803999999999999773e+02
4.455197510768445501e-01,6.791200000000000045e+02
4.463882106306013564e-01,6.775399999999999636e+02
4.472566701843566639e-01,6.762799999999999727e+02
4.481251297381128595e-01,6.746000000000000227e+02
4.489935892918691662e-01,6.734199999999999591e+02
4.498620488456249733e-01,6.721000000000000227e+02
4.507305083993812800e-01,6.703600000000000136e+02
4.515989679531374756e-01,6.690800000000000409e+02
4.524674275068927831e-01,6.677999999999999545e+02
4.533358870606495894e-01,6.668200000000000500e+02
4.542043466144048969e-01,6.656799999999999500e+02
4.550728061681610925e-01,6.646000000000000227e+02
4.559412657219173992e-01,6.630599999999999454e+02
4.568097252756732063e-01,6.616799999999999500e+02
4.576781848294295130e-01,6.604600000000000364e+02
4.585466443831858196e-01,6.593400000000000318e+02
4.594151039369410161e-01,6.581599999999999682e+02
4.602835634906978224e-01,6.570399999999999636e+02
4.611520230444531299e-01,6.557799999999999727e+02
4.620204825982093255e-01,6.547999999999999545e+02
4.628889421519656877e-01,6.536200000000000045e+02
4.637574017057214393e-01,6.524400000000000546e+02
4.646258612594777460e-01,6.512999999999999545e+02
4.654943208132340526e-01,6.500800000000000409e+02
4.663627803669892491e-01,6.488999999999999773e+02
4.672312399207460554e-01,6.477400000000000091e+02
4.680996994745013629e-01,6.465800000000000409e+02
4.689681590282575585e-01,6.452599999999999909e+02
4.698366185820139207e-01,6.442400000000000091e+02
4.707050781357696723e-01,6.428999999999999773e+02
4.715735376895259789e-01,6.416000000000000227e+02
4.724419972432822856e-01,6.402799999999999727e+02
4.733104567970374821e-01,6.392599999999999909e+02
4.741789163507943439e-01,6.380599999999999454e+02
4.750473759045506505e-01,6.370000000000000000e+02
4.759158354583057915e-01,6.358600000000000136e+02
4.767842950120628198e-01,6.347400000000000091e+02
4.776527545658180163e-01,6.334199999999999591e+02
4.785212141195742674e-01,6.321200000000000045e+02
4.793896736733305186e-01,6.312200000000000273e+02
4.802581332270857151e-01,6.302000000000000455e+02
4.811265927808427434e-01,6.291000000000000227e+02
4.819950523345978843e-01,6.281599999999999682e+02
4.828635118883540245e-01,6.270000000000000000e+02
4.837319714421110528e-01,6.259800000000000182e+02
4.846004309958662493e-01,6.247799999999999727e+02
4.854688905496225004e-01,6.234400000000000546e+02
4.863373501033788071e-01,6.223600000000000136e+02
4.872058096571345032e-01,6.213400000000000318e+02
4.880742692108909764e-01,6.202400000000000091e+02
4.889427287646472831e-01,6.189199999999999591e+02
4.898111883184024240e-01,6.178200000000000500e+02
4.906796478721592858e-01,6.168799999999999955e+02
4.915481074259144267e-01,6.158600000000000136e+02
4.924165669796707889e-01,6.145000000000000000e+02
4.932850265334271511e-01,6.135199999999999818e+02
4.941534860871827362e-01,6.124600000000000364e+02
4.950219456409392094e-01,6.112999999999999545e+02
4.958904051946955160e-01,6.101599999999999682e+02
4.967588647484506570e-01,6.090199999999999818e+02
4.976273243022075188e-01,6.081599999999999682e+02
4.984957838559626597e-01,6.072000000000000455e+02
4.993642434097190219e-01,6.062400000000000091e+02
5.002327029634754396e-01,6.052400000000000091e+02
5.011011625172310247e-01,6.040000000000000000e+02
5.019696220709873868e-01,6.030399999999999636e+02
5.028380816247437490e-01,6.019800000000000182e+02
5.037065411784988900e-01,6.008999999999999773e+02
5.045750007322556963e-01,5.999600000000000364e+02
5.054434602860109482e-01,5.989400000000000546e+02
5.063119198397673104e-01,5.980599999999999454e+02
5.071803793935236726e-01,5.972400000000000091e+02
5.080488389472792576e-01,5.960399999999999636e+02
5.089172985010356198e-01,5.950199999999999818e+02
5.097857580547919820e-01,5.939600000000000364e+02
5.106542176085471230e-01,5.927799999999999727e+02
5.115226771623039292e-01,5.919400000000000546e+02
5.123911367160591812e-01,5.909400000000000546e+02
5.132595962698155434e-01,5.902200000000000273e+02
5.141280558235719056e-01,5.891799999999999500e+02
5.149965153773274906e-01,5.881399999999999864e+02
5.158649749310838528e-01,5.868799999999999955e+02
5.167334344848402150e-01,5.858600000000000136e+02
5.176018940385954670e-01,5.849400000000000546e+02
5.184703535923521622e-01,5.839400000000000546e+02
5.193388131461074142e-01,5.828400000000000318e+02
5.202072726998637764e-01,5.818400000000000318e+02
5.210757322536201386e-01,5.808200000000000500e+02
5.219441918073757236e-01,5.797000000000000455e+02
5.228126513611320858e-01,5.786799999999999500e+02
5.236811109148884480e-01,5.777599999999999909e+02
5.245495704686437000e-01,5.769400000000000546e+02
5.254180300224003952e-01,5.761200000000000045e+02
5.262864895761556472e-01,5.751200000000000045e+02
5.271549491299120094e-01,5.742400000000000091e+02
5.280234086836683716e-01,5.733999999999999773e+02
5.288918682374239566e-01,5.725599999999999454e+02
5.297603277911803188e-01,5.717999999999999545e+02
5.306287873449366810e-01,5.709400000000000546e+02
5.314972468986919329e-01,5.700599999999999454e+02
5.323657064524486282e-01,5.692799999999999727e+02
5.332341660062038802e-01,5.681799999999999500e+02
5.341026255599602424e-01,5.673200000000000500e+02
5.349710851137167156e-01,5.662999999999999545e+02
5.358395446674720786e-01,5.655399999999999636e+02
5.367080042212285518e-01,5.645800000000000409e+02
5.375764637749850250e-01,5.635599999999999454e+02
5.384449233287401659e-01,5.626599999999999682e+02
5.393133828824968612e-01,5.618999999999999773e+02
5.401818424362520021e-01,5.610399999999999636e+02
5.410503019900084754e-01,5.600399999999999636e+02
5.419187615437649486e-01,5.589400000000000546e+02
5.427872210975204226e-01,5.577000000000000455e+02
5.436556806512767848e-01,5.565199999999999818e+02
5.445241402050332580e-01,5.556799999999999500e+02
5.453925997587883989e-01,5.547799999999999727e+02
5.462610593125452052e-01,5.539199999999999591e+02
5.471295188663002351e-01,5.529199999999999591e+02
5.479979784200567083e-01,5.522000000000000455e+02
5.488664379738131816e-01,5.512200000000000273e+02
5.497348975275686556e-01,5.502999999999999545e+02
5.506033570813250178e-01,5.495199999999999818e+02
5.514718166350814910e-01,5.486200000000000045e+02
5.523402761888366319e-01,5.478600000000000136e+02
5.532087357425934382e-01,5.471200000000000045e+02
5.540771952963484681e-01,5.461799999999999500e+02
5.549456548501049413e-01,5.452200000000000273e+02
5.558141144038614145e-01,5.444600000000000364e+02
5.566825739576167775e-01,5.437999999999999545e+02
5.575510335113732507e-01,5.428600000000000136e+02
5.584194930651298350e-01,5.420199999999999818e+02
5.592879526188848649e-01,5.413999999999999773e+02
5.601564121726416712e-01,5.406399999999999864e+02
5.610248717263967011e-01,5.397200000000000273e+02
5.618933312801531743e-01,5.391399999999999864e+02
5.627617908339096475e-01,5.382999999999999545e+02
5.636302503876650105e-01,5.375800000000000409e+02
5.644987099414214837e-01,5.365399999999999636e+02
5.653671694951780680e-01,5.356000000000000227e+02
5.662356290489330979e-01,5.347999999999999545e+02
5.671040886026900152e-01,5.339800000000000182e+02
5.679725481564464884e-01,5.330000000000000000e+02
5.688410077102014073e-01,5.321000000000000227e+02
5.697094672639583246e-01,5.313600000000000136e+02
5.705779268177133545e-01,5.304600000000000364e+02
5.714463863714698277e-01,5.295399999999999636e+02
5.723148459252263009e-01,5.285599999999999454e+02
5.731833054789813309e-01,5.276799999999999500e+02
5.740517650327382482e-01,5.267200000000000273e+02
5.749202245864931671e-01,5.260800000000000409e+02
5.757886841402496403e-01,5.252799999999999727e+02
5.766571436940065576e-01,5.245399999999999636e+02
5.775256032477615875e-01,5.238200000000000500e+02
5.783940628015180607e-01,5.229800000000000182e+02
5.792625223552745339e-01,5.223799999999999955e+02
5.801309819090295639e-01,5.216399999999999864e+02
5.809994414627864812e-01,5.206200000000000045e+02
5.818679010165429544e-01,5.197999999999999545e+02
5.827363605702978733e-01,5.189199999999999591e+02
5.836048201240547906e-01,5.181599999999999682e+02
5.844732796778098205e-01,5.173999999999999773e+02
5.853417392315662937e-01,5.165800000000000409e+02
5.862101987853227669e-01,5.157200000000000273e+02
5.870786583390777968e-01,5.149800000000000182e+02
5.879471178928347141e-01,5.141799999999999500e+02
5.888155774465896330e-01,5.133999999999999773e+02
5.896840370003462173e-01,5.127400000000000091e+02
5.905524965541031346e-01,5.121599999999999682e+02
5.914209561078580535e-01,5.113199999999999932e+02
5.922894156616146377e-01,5.104399999999999977e+02
5.931578752153711109e-01,5.097200000000000273e+02
5.940263347691263629e-01,5.087200000000000273e+02
5.948947943228829471e-01,5.079800000000000182e+02
5.957632538766395314e-01,5.071399999999999864e+02
5.966317134303944503e-01,5.064599999999999795e+02
5.975001729841513676e-01,5.058399999999999750e+02
5.983686325379062865e-01,5.051200000000000045e+02
5.992370920916628707e-01,5.042599999999999909e+02
6.001055516454193439e-01,5.032599999999999909e+02
6.009740111991745959e-01,5.024200000000000159e+02
6.018424707529311801e-01,5.016999999999999886e+02
6.027109303066877644e-01,5.011999999999999886e+02
6.035793898604426833e-01,5.003199999999999932e+02
6.044478494141996006e-01,4.994800000000000182e+02
6.053163089679545195e-01,4.988399999999999750e+02
6.061847685217111037e-01,4.981600000000000250e+02
6.070532280754675769e-01,4.973999999999999773e+02
6.079216876292228289e-01,4.966600000000000250e+02
6.087901471829794131e-01,4.959800000000000182e+02
6.096586067367359973e-01,4.952799999999999727e+02
6.105270662904909162e-01,4.944399999999999977e+02
6.113955258442478335e-01,4.938000000000000114e+02
6.122639853980027524e-01,4.931999999999999886e+02
6.131324449517593367e-01,4.925400000000000205e+02
6.140009045055159209e-01,4.917599999999999909e+02
6.148693640592710619e-01,4.910799999999999841e+02
6.157378236130276461e-01,4.902599999999999909e+02
6.166062831667842303e-01,4.895799999999999841e+02
6.174747427205391492e-01,4.888199999999999932e+02
6.183432022742960665e-01,4.879800000000000182e+02
6.192116618280509854e-01,4.870400000000000205e+02
6.200801213818075697e-01,4.863600000000000136e+02
6.209485809355641539e-01,4.856399999999999864e+02
6.218170404893192948e-01,4.848399999999999750e+02
6.226855000430758791e-01,4.842200000000000273e+02
6.235539595968324633e-01,4.836999999999999886e+02
6.244224191505873822e-01,4.831399999999999864e+02
6.252908787043442995e-01,4.822799999999999727e+02
6.261593382580992184e-01,4.817599999999999909e+02
6.270277978118558027e-01,4.809800000000000182e+02
6.278962573656123869e-01,4.803000000000000114e+02
6.287647169193675278e-01,4.797200000000000273e+02
6.296331764731241121e-01,4.791999999999999886e+02
6.305016360268806963e-01,4.784800000000000182e+02
6.313700955806356152e-01,4.777400000000000091e+02
6.322385551343925325e-01,4.771800000000000068e+02
6.331070146881474514e-01,4.766999999999999886e+02
6.339754742419040356e-01,4.759599999999999795e+02
6.348439337956606199e-01,4.753199999999999932e+02
6.357123933494157608e-01,4.745199999999999818e+02
6.365808529031723451e-01,4.737599999999999909e+02
6.374493124569289293e-01,4.732599999999999909e+02
6.383177720106838482e-01,4.728000000000000114e+02
6.391862315644407655e-01,4.720199999999999818e+02
6.400546911181956844e-01,4.713799999999999955e+02
6.409231506719522686e-01,4.706399999999999864e+02
6.417916102257088529e-01,4.700199999999999818e+02
6.426600697794639938e-01,4.695799999999999841e+02
6.435285293332205780e-01,4.690600000000000023e+02
6.443969888869771623e-01,4.682599999999999909e+02
6.452654484407321922e-01,4.677400000000000091e+02
6.461339079944888875e-01,4.671999999999999886e+02
6.470023675482439174e-01,4.666600000000000250e+02
6.478708271020005016e-01,4.660600000000000023e+02
6.487392866557570859e-01,4.652799999999999727e+02
6.496077462095122268e-01,4.646800000000000068e+02
6.504762057632688110e-01,4.641000000000000227e+02
6.513446653170253953e-01,4.635199999999999818e+02
6.522131248707804252e-01,4.628999999999999773e+02
6.530815844245371204e-01,4.622200000000000273e+02
6.539500439782921504e-01,4.616200000000000045e+02
6.548185035320487346e-01,4.608999999999999773e+02
6.556869630858053188e-01,4.601999999999999886e+02
6.565554226395606818e-01,4.595600000000000023e+02
6.574238821933170440e-01,4.589399999999999977e+02
6.582923417470736283e-01,4.584200000000000159e+02
6.591608013008286582e-01,4.577200000000000273e+02
6.600292608545853534e-01,4.573600000000000136e+02
6.608977204083404944e-01,4.565199999999999818e+02
6.617661799620969676e-01,4.561399999999999864e+02
6.626346395158538849e-01,4.554800000000000182e+02
6.635030990696089148e-01,4.548999999999999773e+02
6.643715586233653880e-01,4.545199999999999818e+02
6.652400181771218612e-01,4.540600000000000023e+02
6.661084777308768912e-01,4.536200000000000045e+02
6.669769372846335864e-01,4.528999999999999773e+02
6.678453968383886163e-01,4.523600000000000136e+02
6.687138563921452006e-01,4.518000000000000114e+02
6.695823159459021179e-01,4.511399999999999864e+02
6.704507754996572588e-01,4.506000000000000227e+02
6.713192350534137320e-01,4.500199999999999818e+02
6.721876946071699832e-01,4.493799999999999955e+02
6.730561541609251242e-01,4.488600000000000136e+02
6.739246137146820415e-01,4.482400000000000091e+02
6.747930732684386257e-01,4.477400000000000091e+02
6.756615328221936556e-01,4.472400000000000091e+02
6.765299923759502398e-01,4.467400000000000091e+02
6.773984519297053808e-01,4.458999999999999773e+02
6.782669114834618540e-01,4.453799999999999955e+02
6.791353710372183272e-01,4.446600000000000250e+02
6.800038305909734682e-01,4.439399999999999977e+02
6.808722901447300524e-01,4.434399999999999977e+02
6.817407496984850823e-01,4.429800000000000182e+02
6.826092092522416666e-01,4.425400000000000205e+02
6.834776688059985839e-01,4.418799999999999955e+02
6.843461283597537248e-01,4.412200000000000273e+02
6.852145879135104201e-01,4.406800000000000068e+02
6.860830474672665602e-01,4.400799999999999841e+02
6.869515070210219232e-01,4.393999999999999773e+02
6.878199665747785074e-01,4.387200000000000273e+02
6.886884261285350917e-01,4.383600000000000136e+02
6.895568856822902326e-01,4.376800000000000068e+02
6.904253452360467058e-01,4.371800000000000068e+02
6.912938047898018468e-01,4.366600000000000250e+02
6.921622643435584310e-01,4.361600000000000250e+02
6.930307238973150152e-01,4.356000000000000227e+02
6.938991834510703782e-01,4.349399999999999977e+02
6.947676430048265184e-01,4.345400000000000205e+02
6.956361025585832136e-01,4.338999999999999773e+02
6.965045621123383546e-01,4.333399999999999750e+02
6.973730216660950498e-01,4.326600000000000250e+02
6.982414812198503018e-01,4.320799999999999841e+02
6.991099407736069971e-01,4.313199999999999932e+02
6.999784003273629152e-01,4.307200000000000273e+02
7.008468598811183892e-01,4.304399999999999977e+02
7.017153194348749734e-01,4.300000000000000000e+02
7.025837789886315576e-01,4.295400000000000205e+02
7.034522385423868096e-01,4.290000000000000000e+02
7.043206980961430608e-01,4.285000000000000000e+02
7.051891576498983127e-01,4.281000000000000227e+02
7.060576172036548970e-01,4.274599999999999795e+02
7.069260767574114812e-01,4.267400000000000091e+02
7.077945363111669552e-01,4.261399999999999864e+02
7.086629958649228733e-01,4.255199999999999818e+02
7.095314554186795686e-01,4.250000000000000000e+02
7.103999149724348205e-01,4.245000000000000000e+02
7.112683745261915158e-01,4.238000000000000114e+02
7.121368340799467678e-01,4.231000000000000227e+02
7.130052936337034630e-01,4.226999999999999886e+02
7.138737531874593811e-01,4.221999999999999886e+02
7.147422127412148551e-01,4.216000000000000227e+02
7.156106722949714394e-01,4.209200000000000159e+02
7.164791318487280236e-01,4.204200000000000159e+02
7.173475914024832756e-01,4.198999999999999773e+02
7.182160509562395267e-01,4.194399999999999977e+02
7.190845105099947787e-01,4.188799999999999955e+02
7.199529700637513630e-01,4.183199999999999932e+02
7.208214296175079472e-01,4.178399999999999750e+02
7.216898891712634212e-01,4.173799999999999955e+02
7.225583487250193393e-01,4.168999999999999773e+02
7.234268082787760346e-01,4.164599999999999795e+02
7.242952678325312865e-01,4.161000000000000227e+02
7.251637273862879818e-01,4.154399999999999977e+02
7.260321869400432337e-01,4.149200000000000159e+02
7.269006464937999290e-01,4.141999999999999886e+02
7.277691060475558471e-01,4.137200000000000273e+02
7.286375656013112101e-01,4.132400000000000091e+02
7.295060251550679054e-01,4.127799999999999727e+02
7.303744847088247116e-01,4.121999999999999886e+02
7.312429442625798526e-01,4.114599999999999795e+02
7.321114038163358817e-01,4.110799999999999841e+02
7.329798633700910226e-01,4.106999999999999886e+02
7.338483229238478289e-01,4.102799999999999727e+02
7.347167824776045242e-01,4.096399999999999864e+02
7.355852420313599982e-01,4.090600000000000023e+02
7.364537015851156943e-01,4.085600000000000023e+02
7.373221611388725005e-01,4.080600000000000023e+02
7.381906206926277525e-01,4.075400000000000205e+02
7.390590802463846698e-01,4.070199999999999818e+02
7.399275398001396997e-01,4.062400000000000091e+02
7.407959993538965060e-01,4.058999999999999773e+02
7.416644589076523131e-01,4.054800000000000182e+02
7.425329184614077871e-01,4.050199999999999818e+02
7.434013780151643713e-01,4.045400000000000205e+02
7.442698375689211776e-01,4.041200000000000045e+02
7.451382971226763186e-01,4.035600000000000023e+02
7.460067566764323477e-01,4.030600000000000023e+02
7.468752162301874886e-01,4.027599999999999909e+02
7.477436757839442949e-01,4.022200000000000273e+02
7.486121353377009902e-01,4.018000000000000114e+02
7.494805948914564642e-01,4.013199999999999932e+02
7.503490544452121602e-01,4.008999999999999773e+02
7.512175139989687445e-01,4.003600000000000136e+02
7.520859735527242185e-01,3.999200000000000159e+02
7.529544331064811358e-01,3.994800000000000182e+02
7.538228926602363877e-01,3.989200000000000159e+02
7.546913522139929720e-01,3.982799999999999727e+02
7.555598117677486680e-01,3.979200000000000159e+02
7.564282713215042531e-01,3.975400000000000205e+02
7.572967308752609483e-01,3.971200000000000045e+02
7.581651904290176436e-01,3.967200000000000273e+02
7.590336499827727845e-01,3.962799999999999727e+02
7.599021095365289247e-01,3.958799999999999955e+02
7.607705690902841766e-01,3.954200000000000159e+02
7.616390286440407609e-01,3.948199999999999932e+02
7.625074881977976782e-01,3.943799999999999955e+02
7.633759477515531522e-01,3.938600000000000136e+02
7.642444073053096254e-01,3.934200000000000159e+02
7.651128668590652104e-01,3.929200000000000159e+02
7.659813264128206844e-01,3.924599999999999795e+02
7.668497859665776017e-01,3.920400000000000205e+02
7.677182455203344080e-01,3.916200000000000045e+02
7.685867050740895490e-01,3.909800000000000182e+02
7.694551646278453561e-01,3.906000000000000227e+02
7.703236241816007190e-01,3.901800000000000068e+02
7.711920837353574143e-01,3.898000000000000114e+02
7.720605432891141096e-01,3.893399999999999750e+02
7.729290028428694725e-01,3.888399999999999750e+02
7.737974623966252796e-01,3.884399999999999977e+02
7.746659219503804206e-01,3.879200000000000159e+02
7.755343815041372268e-01,3.873999999999999773e+02
7.764028410578941441e-01,3.869399999999999977e+02
7.772713006116496182e-01,3.864399999999999977e+02
7.781397601654052032e-01,3.858799999999999955e+02
7.790082197191616764e-01,3.853999999999999773e+02
7.798766792729171504e-01,3.848399999999999750e+02
7.807451388266740677e-01,3.843000000000000114e+02
7.816135983804308740e-01,3.839399999999999977e+02
7.824820579341862370e-01,3.834200000000000159e+02
7.833505174879418220e-01,3.827200000000000273e+02
7.842189770416971850e-01,3.821000000000000227e+02
7.850874365954539913e-01,3.817400000000000091e+02
7.859558961492106866e-01,3.811200000000000045e+02
7.868243557029663826e-01,3.806800000000000068e+02
7.876928152567217456e-01,3.803199999999999932e+02
7.885612748104783298e-01,3.799800000000000182e+02
7.894297343642336928e-01,3.794599999999999795e+02
7.902981939179906101e-01,3.789800000000000182e+02
7.911666534717461952e-01,3.784399999999999977e+02
7.920351130255027794e-01,3.780600000000000023e+02
7.929035725792581424e-01,3.776399999999999864e+02
7.937720321330138384e-01,3.771800000000000068e+02
7.946404916867705337e-01,3.766399999999999864e+02
7.955089512405273400e-01,3.763199999999999932e+02
7.963774107942827030e-01,3.759800000000000182e+02
7.972458703480382880e-01,3.753799999999999955e+02
7.981143299017936510e-01,3.750600000000000023e+02
7.989827894555504573e-01,3.746600000000000250e+02
7.998512490093071525e-01,3.741399999999999864e+02
8.007197085630628486e-01,3.737400000000000091e+02
8.015881681168179895e-01,3.729599999999999795e+02
8.024566276705747958e-01,3.725799999999999841e+02
8.033250872243301588e-01,3.721399999999999864e+02
8.041935467780872981e-01,3.717599999999999909e+02
8.050620063318426611e-01,3.713000000000000114e+02
8.059304658855994674e-01,3.706999999999999886e+02
8.067989254393546084e-01,3.703600000000000136e+02
8.076673849931103044e-01,3.699599999999999795e+02
8.085358445468669997e-01,3.695600000000000023e+02
8.094043041006238060e-01,3.691399999999999864e+02
8.102727636543791689e-01,3.687599999999999909e+02
8.111412232081347540e-01,3.683600000000000136e+02
8.120096827618901170e-01,3.679599999999999795e+02
8.128781423156469232e-01,3.676600000000000250e+02
8.137466018694036185e-01,3.673000000000000114e+02
8.146150614231593146e-01,3.670000000000000000e+02
8.154835209769144555e-01,3.665600000000000023e+02
8.163519805306712618e-01,3.661399999999999864e+02
8.172204400844266248e-01,3.656999999999999886e+02
8.180888996381837641e-01,3.652599999999999909e+02
8.189573591919391271e-01,3.649599999999999795e+02
8.198258187456959334e-01,3.645600000000000023e+02
8.206942782994509633e-01,3.641000000000000227e+02
8.215627378532067704e-01,3.636200000000000045e+02
8.224311974069634656e-01,3.631399999999999864e+02
8.232996569607202719e-01,3.627200000000000273e+02
8.241681165144757459e-01,3.624399999999999977e+02
8.250365760682311089e-01,3.620799999999999841e+02
8.259050356219865829e-01,3.615199999999999818e+02
8.267734951757433892e-01,3.610600000000000023e+02
8.276419547295000845e-01,3.607599999999999909e+02
8.285104142832558916e-01,3.602599999999999909e+02
8.293788738370109215e-01,3.598199999999999932e+02
8.302473333907677278e-01,3.594599999999999795e+02
8.311157929445230907e-01,3.590199999999999818e+02
8.319842524982802301e-01,3.586200000000000045e+02
8.328527120520355931e-01,3.583000000000000114e+02
8.337211716057923994e-01,3.580000000000000000e+02
8.345896311595474293e-01,3.577400000000000091e+02
8.354580907133032364e-01,3.573799999999999955e+02
8.363265502670599316e-01,3.569599999999999795e+02
8.371950098208167379e-01,3.566399999999999864e+02
8.380634693745722119e-01,3.561600000000000250e+02
8.389319289283275749e-01,3.556000000000000227e+02
8.398003884820830489e-01,3.551999999999999886e+02
8.406688480358398552e-01,3.548399999999999750e+02
8.415373075895965505e-01,3.543000000000000114e+02
8.424057671433523575e-01,3.539599999999999795e+02
8.432742266971072764e-01,3.536600000000000250e+02
8.441426862508640827e-01,3.533799999999999955e+02
8.450111458046195567e-01,3.531200000000000045e+02
8.458796053583766961e-01,3.526200000000000045e+02
8.467480649121321701e-01,3.522400000000000091e+02
8.476165244658889764e-01,3.519200000000000159e+02
8.484849840196438953e-01,3.516000000000000227e+02
8.493534435733997023e-01,3.513000000000000114e+02
8.502219031271563976e-01,3.509599999999999795e+02
8.510903626809132039e-01,3.506800000000000068e+02
8.519588222346686779e-01,3.503399999999999750e+02
8.528272817884240409e-01,3.499800000000000182e+02
8.536957413421795149e-01,3.495000000000000000e+02
8.545642008959363212e-01,3.489599999999999795e+02
8.554326604496932385e-01,3.485600000000000023e+02
8.563011200034489345e-01,3.481600000000000250e+02
8.571695795572054077e-01,3.477599999999999909e+02
8.580380391109605487e-01,3.474800000000000182e+02
8.589064986647162447e-01,3.471200000000000045e+02
8.597749582184731620e-01,3.468600000000000136e+02
8.606434177722299683e-01,3.466000000000000227e+02
8.615118773259854423e-01,3.462400000000000091e+02
8.623803368797406943e-01,3.458799999999999955e+02
8.632487964334962793e-01,3.455400000000000205e+02
8.641172559872529746e-01,3.450799999999999841e+02
8.649857155410096698e-01,3.446399999999999864e+02
8.658541750947652549e-01,3.443399999999999750e+02
8.667226346485205069e-01,3.440400000000000205e+02
8.675910942022759809e-01,3.435600000000000023e+02
8.684595537560327871e-01,3.430600000000000023e+02
