0.000000000000000000e+00,1.092400000000000000e+04
8.684595537560331350e-04,8.216399999999999636e+03
1.736919107512066270e-03,6.740300000000000182e+03
2.605378661268099947e-03,5.754500000000000000e+03
3.473838215024132540e-03,5.025000000000000000e+03
4.342297768780165566e-03,4.470300000000000182e+03
5.210757322536199894e-03,4.022000000000000000e+03
6.079216876292231619e-03,3.665099999999999909e+03
6.947676430048265080e-03,3.355699999999999818e+03
7.816135983804300275e-03,3.086199999999999818e+03
8.684595537560331133e-03,2.864199999999999818e+03
9.553055091316363726e-03,2.682199999999999818e+03
1.042151464507239979e-02,2.511099999999999909e+03
1.128997419882843238e-02,2.369599999999999909e+03
1.215843375258446324e-02,2.246699999999999818e+03
1.302689330634049583e-02,2.136400000000000091e+03
1.389535286009653016e-02,2.032599999999999909e+03
1.476381241385256102e-02,1.939500000000000000e+03
1.563227196760860055e-02,1.851799999999999955e+03
1.650073152136463314e-02,1.774099999999999909e+03
1.736919107512066227e-02,1.701799999999999955e+03
1.823765062887669486e-02,1.638200000000000045e+03
1.910611018263272745e-02,1.578799999999999955e+03
1.997456973638876004e-02,1.525400000000000091e+03
2.084302929014479958e-02,1.468900000000000091e+03
2.171148884390083217e-02,1.423299999999999955e+03
2.257994839765686476e-02,1.375700000000000045e+03
2.344840795141289388e-02,1.329299999999999955e+03
2.431686750516892648e-02,1.289599999999999909e+03
2.518532705892496254e-02,1.254299999999999955e+03
2.605378661268099166e-02,1.215799999999999955e+03
2.692224616643702079e-02,1.182500000000000000e+03
2.779070572019306032e-02,1.150799999999999955e+03
2.865916527394909291e-02,1.119599999999999909e+03
2.952762482770512203e-02,1.092000000000000000e+03
3.039608438146115116e-02,1.067400000000000091e+03
3.126454393521720110e-02,1.042700000000000045e+03
3.213300348897323022e-02,1.017200000000000045e+03
3.300146304272926628e-02,9.971000000000000227e+02
3.386992259648529541e-02,9.747999999999999545e+02
3.473838215024132453e-02,9.520000000000000000e+02
3.560684170399736059e-02,9.326000000000000227e+02
3.647530125775338972e-02,9.138999999999999773e+02
3.734376081150942578e-02,8.960000000000000000e+02
3.821222036526545490e-02,8.770000000000000000e+02
3.908067991902148403e-02,8.602999999999999545e+02
3.994913947277752009e-02,8.432999999999999545e+02
4.081759902653354921e-02,8.283999999999999773e+02
4.168605858028959915e-02,8.140000000000000000e+02
4.255451813404562827e-02,7.995000000000000000e+02
4.342297768780166434e-02,7.847999999999999545e+02
4.429143724155769346e-02,7.728999999999999773e+02
4.515989679531372952e-02,7.597000000000000455e+02
4.602835634906975865e-02,7.478999999999999773e+02
4.689681590282578777e-02,7.333999999999999773e+02
4.776527545658182383e-02,7.217000000000000455e+02
4.863373501033785296e-02,7.107000000000000455e+02
4.950219456409388902e-02,6.992999999999999545e+02
5.037065411784992508e-02,6.882000000000000455e+02
5.123911367160595420e-02,6.786000000000000227e+02
5.210757322536198333e-02,6.693999999999999773e+02
5.297603277911801245e-02,6.603999999999999773e+02
5.384449233287404157e-02,6.496000000000000227e+02
5.471295188663007070e-02,6.392999999999999545e+02
5.558141144038612064e-02,6.315000000000000000e+02
5.644987099414215670e-02,6.232000000000000455e+02
5.731833054789818582e-02,6.137000000000000455e+02
5.818679010165421495e-02,6.042000000000000455e+02
5.905524965541024407e-02,5.958999999999999773e+02
5.992370920916627319e-02,5.888999999999999773e+02
6.079216876292230232e-02,5.813999999999999773e+02
6.166062831667835920e-02,5.727000000000000455e+02
6.252908787043440220e-02,5.657000000000000455e+02
6.339754742419043132e-02,5.603999999999999773e+02
6.426600697794646044e-02,5.525000000000000000e+02
6.513446653170250344e-02,5.455000000000000000e+02
6.600292608545853257e-02,5.387000000000000455e+02
6.687138563921456169e-02,5.312999999999999545e+02
6.773984519297059081e-02,5.256000000000000227e+02
6.860830474672661994e-02,5.197000000000000455e+02
6.947676430048264906e-02,5.128999999999999773e+02
7.034522385423867818e-02,5.066999999999999886e+02
7.121368340799472119e-02,5.025000000000000000e+02
7.208214296175075031e-02,4.958000000000000114e+02
7.295060251550677943e-02,4.903000000000000114e+02
7.381906206926282243e-02,4.851999999999999886e+02
7.468752162301885156e-02,4.796000000000000227e+02
7.555598117677488068e-02,4.746000000000000227e+02
7.642444073053090980e-02,4.686000000000000227e+02
7.729290028428693893e-02,4.636000000000000227e+02
7.816135983804296805e-02,4.586000000000000227e+02
7.902981939179899717e-02,4.536000000000000227e+02
7.989827894555504018e-02,4.491000000000000227e+02
8.076673849931106930e-02,4.446999999999999886e+02
8.163519805306709842e-02,4.408000000000000114e+02
8.250365760682312755e-02,4.358999999999999773e+02
8.337211716057919830e-02,4.313999999999999773e+02
8.424057671433522743e-02,4.273999999999999773e+02
8.510903626809125655e-02,4.231000000000000227e+02
8.597749582184729955e-02,4.191999999999999886e+02
8.684595537560332867e-02,4.156999999999999886e+02
8.771441492935935780e-02,4.121000000000000227e+02
8.858287448311538692e-02,4.085000000000000000e+02
8.945133403687142992e-02,4.048000000000000114e+02
9.031979359062745905e-02,4.010000000000000000e+02
9.118825314438348817e-02,3.973000000000000114e+02
9.205671269813951729e-02,3.930000000000000000e+02
9.292517225189554642e-02,3.891999999999999886e+02
9.379363180565157554e-02,3.851999999999999886e+02
9.466209135940761854e-02,3.826999999999999886e+02
9.553055091316364766e-02,3.791999999999999886e+02
9.639901046691967679e-02,3.758999999999999773e+02
9.726747002067570591e-02,3.721999999999999886e+02
9.813592957443174891e-02,3.693000000000000114e+02
9.900438912818777804e-02,3.658999999999999773e+02
9.987284868194380716e-02,3.628999999999999773e+02
1.007413082356998502e-01,3.596999999999999886e+02
1.016097677894558793e-01,3.561000000000000227e+02
1.024782273432119084e-01,3.538000000000000114e+02
1.033466868969679375e-01,3.501999999999999886e+02
1.042151464507239667e-01,3.478000000000000114e+02
1.050836060044799958e-01,3.455000000000000000e+02
1.059520655582360249e-01,3.421999999999999886e+02
1.068205251119920540e-01,3.396999999999999886e+02
1.076889846657480831e-01,3.376000000000000227e+02
1.085574442195041123e-01,3.355000000000000000e+02
1.094259037732601414e-01,3.325000000000000000e+02
1.102943633270162260e-01,3.300000000000000000e+02
1.111628228807722413e-01,3.276999999999999886e+02
1.120312824345282704e-01,3.258000000000000114e+02
1.128997419882843134e-01,3.233000000000000114e+02
1.137682015420403425e-01,3.205000000000000000e+02
1.146366610957963716e-01,3.183000000000000114e+02
1.155051206495524008e-01,3.158999999999999773e+02
1.163735802033084299e-01,3.143999999999999773e+02
1.172420397570644590e-01,3.116000000000000227e+02
1.181104993108204881e-01,3.093000000000000114e+02
1.189789588645765173e-01,3.068000000000000114e+02
1.198474184183325464e-01,3.041000000000000227e+02
1.207158779720885755e-01,3.021000000000000227e+02
1.215843375258446046e-01,3.001000000000000227e+02
1.224527970796006893e-01,2.966999999999999886e+02
1.233212566333567184e-01,2.943999999999999773e+02
1.241897161871127475e-01,2.928000000000000114e+02
1.250581757408688044e-01,2.908999999999999773e+02
1.259266352946248335e-01,2.885000000000000000e+02
1.267950948483808626e-01,2.866999999999999886e+02
1.276635544021368918e-01,2.850000000000000000e+02
1.285320139558929209e-01,2.826000000000000227e+02
1.294004735096489778e-01,2.808999999999999773e+02
1.302689330634050069e-01,2.791000000000000227e+02
1.311373926171610360e-01,2.771999999999999886e+02
1.320058521709170651e-01,2.746999999999999886e+02
1.328743117246730943e-01,2.731000000000000227e+02
1.337427712784291234e-01,2.711999999999999886e+02
1.346112308321851525e-01,2.691999999999999886e+02
1.354796903859411816e-01,2.668999999999999773e+02
1.363481499396972108e-01,2.650000000000000000e+02
1.372166094934532399e-01,2.638000000000000114e+02
1.380850690472092690e-01,2.628000000000000114e+02
1.389535286009652981e-01,2.608999999999999773e+02
1.398219881547213272e-01,2.596000000000000227e+02
1.406904477084773564e-01,2.583000000000000114e+02
1.415589072622334132e-01,2.561000000000000227e+02
1.424273668159894424e-01,2.553000000000000114e+02
1.432958263697454715e-01,2.544000000000000057e+02
1.441642859235015006e-01,2.525999999999999943e+02
1.450327454772575297e-01,2.515000000000000000e+02
1.459012050310135589e-01,2.505000000000000000e+02
1.467696645847695880e-01,2.483000000000000114e+02
1.476381241385256449e-01,2.466999999999999886e+02
1.485065836922816740e-01,2.443000000000000114e+02
1.493750432460377031e-01,2.433000000000000114e+02
1.502435027997937322e-01,2.420999999999999943e+02
1.511119623535497614e-01,2.413000000000000114e+02
1.519804219073057905e-01,2.395000000000000000e+02
1.528488814610618196e-01,2.383000000000000114e+02
1.537173410148178487e-01,2.374000000000000057e+02
1.545858005685738779e-01,2.361999999999999886e+02
1.554542601223299070e-01,2.341999999999999886e+02
1.563227196760859361e-01,2.328000000000000114e+02
1.571911792298419652e-01,2.314000000000000057e+02
1.580596387835979943e-01,2.296999999999999886e+02
1.589280983373540235e-01,2.285999999999999943e+02
1.597965578911100804e-01,2.275000000000000000e+02
1.606650174448661095e-01,2.266999999999999886e+02
1.615334769986221386e-01,2.250000000000000000e+02
1.624019365523781677e-01,2.240000000000000000e+02
1.632703961061341968e-01,2.225000000000000000e+02
1.641388556598902260e-01,2.206999999999999886e+02
1.650073152136462551e-01,2.196999999999999886e+02
1.658757747674023675e-01,2.185999999999999943e+02
1.667442343211583966e-01,2.179000000000000057e+02
1.676126938749144257e-01,2.166999999999999886e+02
1.684811534286704549e-01,2.156999999999999886e+02
1.693496129824264840e-01,2.150000000000000000e+02
1.702180725361825131e-01,2.136999999999999886e+02
1.710865320899385422e-01,2.130999999999999943e+02
1.719549916436945991e-01,2.121999999999999886e+02
1.728234511974506282e-01,2.111999999999999886e+02
1.736919107512066573e-01,2.110000000000000000e+02
1.745603703049626865e-01,2.103000000000000114e+02
1.754288298587187156e-01,2.095000000000000000e+02
1.762972894124747447e-01,2.089000000000000057e+02
1.771657489662307738e-01,2.080000000000000000e+02
1.780342085199868307e-01,2.070999999999999943e+02
1.789026680737428598e-01,2.060000000000000000e+02
1.797711276274988890e-01,2.050000000000000000e+02
1.806395871812549181e-01,2.040000000000000000e+02
1.815080467350109472e-01,2.031999999999999886e+02
1.823765062887669763e-01,2.016999999999999886e+02
1.832449658425230055e-01,2.010999999999999943e+02
1.841134253962790346e-01,2.004000000000000057e+02
1.849818849500350637e-01,1.995000000000000000e+02
1.858503445037910928e-01,1.990999999999999943e+02
1.867188040575471220e-01,1.980000000000000000e+02
1.875872636113031511e-01,1.975000000000000000e+02
1.884557231650591802e-01,1.965000000000000000e+02
1.893241827188152371e-01,1.950999999999999943e+02
1.901926422725712662e-01,1.944000000000000057e+02
1.910611018263272953e-01,1.935000000000000000e+02
1.919295613800833245e-01,1.928000000000000114e+02
1.927980209338393536e-01,1.920000000000000000e+02
1.936664804875953827e-01,1.906999999999999886e+02
1.945349400413514118e-01,1.900999999999999943e+02
1.954033995951074687e-01,1.891999999999999886e+02
1.962718591488634978e-01,1.880999999999999943e+02
1.971403187026195269e-01,1.871999999999999886e+02
1.980087782563755561e-01,1.865000000000000000e+02
1.988772378101315852e-01,1.850000000000000000e+02
1.997456973638876143e-01,1.839000000000000057e+02
2.006141569176436712e-01,1.830999999999999943e+02
2.014826164713997003e-01,1.824000000000000057e+02
2.023510760251557294e-01,1.815000000000000000e+02
2.032195355789117586e-01,1.805999999999999943e+02
2.040879951326677877e-01,1.795000000000000000e+02
2.049564546864238168e-01,1.788000000000000114e+02
2.058249142401798459e-01,1.781999999999999886e+02
2.066933737939358751e-01,1.770000000000000000e+02
2.075618333476919042e-01,1.765999999999999943e+02
2.084302929014479333e-01,1.759000000000000057e+02
2.092987524552039624e-01,1.754000000000000057e+02
2.101672120089599916e-01,1.741999999999999886e+02
2.110356715627160207e-01,1.733000000000000114e+02
2.119041311164720498e-01,1.724000000000000057e+02
2.127725906702280789e-01,1.715000000000000000e+02
2.136410502239841080e-01,1.705000000000000000e+02
2.145095097777401372e-01,1.700999999999999943e+02
2.153779693314961663e-01,1.695000000000000000e+02
2.162464288852521954e-01,1.685999999999999943e+02
2.171148884390082245e-01,1.671999999999999886e+02
2.179833479927642537e-01,1.659000000000000057e+02
2.188518075465202828e-01,1.654000000000000057e+02
2.197202671002764229e-01,1.648000000000000114e+02
2.205887266540324521e-01,1.645999999999999943e+02
2.214571862077884812e-01,1.640999999999999943e+02
2.223256457615444825e-01,1.636999999999999886e+02
2.231941053153005117e-01,1.629000000000000057e+02
2.240625648690565408e-01,1.625999999999999943e+02
2.249310244228125699e-01,1.618000000000000114e+02
2.257994839765686268e-01,1.616999999999999886e+02
2.266679435303246559e-01,1.611999999999999886e+02
2.275364030840806850e-01,1.610999999999999943e+02
2.284048626378367142e-01,1.605999999999999943e+02
2.292733221915927433e-01,1.600000000000000000e+02
2.301417817453487724e-01,1.595000000000000000e+02
2.310102412991048015e-01,1.590999999999999943e+02
2.318787008528608307e-01,1.583000000000000114e+02
2.327471604066168598e-01,1.571999999999999886e+02
2.336156199603728889e-01,1.569000000000000057e+02
2.344840795141289180e-01,1.563000000000000114e+02
2.353525390678849472e-01,1.559000000000000057e+02
2.362209986216409763e-01,1.555000000000000000e+02
2.370894581753970054e-01,1.549000000000000057e+02
2.379579177291530345e-01,1.545999999999999943e+02
2.388263772829091747e-01,1.540000000000000000e+02
2.396948368366650928e-01,1.525999999999999943e+02
2.405632963904212329e-01,1.521999999999999886e+02
2.414317559441771510e-01,1.519000000000000057e+02
2.423002154979332912e-01,1.510999999999999943e+02
2.431686750516892093e-01,1.505000000000000000e+02
2.440371346054453494e-01,1.495000000000000000e+02
2.449055941592013785e-01,1.493000000000000114e+02
2.457740537129574077e-01,1.490999999999999943e+02
2.466425132667134368e-01,1.484000000000000057e+02
2.475109728204694659e-01,1.478000000000000114e+02
2.483794323742254950e-01,1.475999999999999943e+02
2.492478919279815242e-01,1.471999999999999886e+02
2.501163514817376088e-01,1.465000000000000000e+02
2.509848110354936379e-01,1.460000000000000000e+02
2.518532705892496670e-01,1.450999999999999943e+02
2.527217301430056962e-01,1.444000000000000057e+02
2.535901896967617253e-01,1.439000000000000057e+02
2.544586492505177544e-01,1.428000000000000114e+02
2.553271088042737835e-01,1.424000000000000057e+02
2.561955683580298127e-01,1.420000000000000000e+02
2.570640279117858418e-01,1.416999999999999886e+02
2.579324874655418709e-01,1.409000000000000057e+02
2.588009470192979555e-01,1.405000000000000000e+02
2.596694065730539847e-01,1.400999999999999943e+02
2.605378661268100138e-01,1.398000000000000114e+02
2.614063256805660429e-01,1.390000000000000000e+02
2.622747852343220720e-01,1.385999999999999943e+02
2.631432447880781011e-01,1.381999999999999886e+02
2.640117043418341303e-01,1.375999999999999943e+02
2.648801638955901594e-01,1.370000000000000000e+02
2.657486234493461885e-01,1.365000000000000000e+02
2.666170830031022176e-01,1.358000000000000114e+02
2.674855425568582468e-01,1.351999999999999886e+02
2.683540021106142759e-01,1.345999999999999943e+02
2.692224616643703050e-01,1.340999999999999943e+02
2.700909212181263341e-01,1.335000000000000000e+02
2.709593807718823633e-01,1.325999999999999943e+02
2.718278403256383924e-01,1.323000000000000114e+02
2.726962998793944215e-01,1.318000000000000114e+02
2.735647594331504506e-01,1.315000000000000000e+02
2.744332189869064798e-01,1.311999999999999886e+02
2.753016785406625089e-01,1.306999999999999886e+02
2.761701380944185380e-01,1.300999999999999943e+02
2.770385976481745671e-01,1.299000000000000057e+02
2.779070572019305962e-01,1.295000000000000000e+02
2.787755167556866254e-01,1.290999999999999943e+02
2.796439763094426545e-01,1.286999999999999886e+02
2.805124358631986836e-01,1.283000000000000114e+02
2.813808954169547127e-01,1.283000000000000114e+02
2.822493549707107419e-01,1.280000000000000000e+02
2.831178145244668265e-01,1.277000000000000028e+02
2.839862740782228556e-01,1.269000000000000057e+02
2.848547336319788847e-01,1.267000000000000028e+02
2.857231931857349139e-01,1.264000000000000057e+02
2.865916527394909430e-01,1.260000000000000000e+02
2.874601122932469721e-01,1.255000000000000000e+02
2.883285718470030012e-01,1.250999999999999943e+02
2.891970314007590304e-01,1.242999999999999972e+02
2.900654909545150595e-01,1.237999999999999972e+02
2.909339505082710886e-01,1.232999999999999972e+02
2.918024100620271177e-01,1.232000000000000028e+02
2.926708696157831469e-01,1.229000000000000057e+02
2.935393291695391760e-01,1.222999999999999972e+02
2.944077887232952051e-01,1.219000000000000057e+02
2.952762482770512897e-01,1.217000000000000028e+02
2.961447078308073189e-01,1.215000000000000000e+02
2.970131673845633480e-01,1.212000000000000028e+02
2.978816269383193771e-01,1.209000000000000057e+02
2.987500864920754062e-01,1.207000000000000028e+02
2.996185460458314354e-01,1.205999999999999943e+02
3.004870055995874645e-01,1.202999999999999972e+02
3.013554651533434936e-01,1.200000000000000000e+02
3.022239247070995227e-01,1.197000000000000028e+02
3.030923842608555518e-01,1.195999999999999943e+02
3.039608438146115810e-01,1.192999999999999972e+02
3.048293033683676101e-01,1.190000000000000000e+02
3.056977629221236392e-01,1.187000000000000028e+02
3.065662224758796683e-01,1.184000000000000057e+02
3.074346820296356975e-01,1.180999999999999943e+02
3.083031415833917266e-01,1.177999999999999972e+02
3.091716011371477557e-01,1.175000000000000000e+02
3.100400606909037848e-01,1.170000000000000000e+02
3.109085202446598140e-01,1.167999999999999972e+02
3.117769797984158431e-01,1.164000000000000057e+02
3.126454393521718722e-01,1.162000000000000028e+02
3.135138989059279013e-01,1.157999999999999972e+02
3.143823584596839305e-01,1.155000000000000000e+02
3.152508180134399596e-01,1.154000000000000057e+02
3.161192775671959887e-01,1.152000000000000028e+02
3.169877371209520178e-01,1.149000000000000057e+02
3.178561966747080469e-01,1.147000000000000028e+02
3.187246562284641316e-01,1.145000000000000000e+02
3.195931157822201607e-01,1.140999999999999943e+02
3.204615753359761898e-01,1.137999999999999972e+02
3.213300348897322190e-01,1.135999999999999943e+02
3.221984944434882481e-01,1.135000000000000000e+02
3.230669539972442772e-01,1.132000000000000028e+02
3.239354135510003063e-01,1.130000000000000000e+02
3.248038731047563354e-01,1.127999999999999972e+02
3.256723326585123646e-01,1.127999999999999972e+02
3.265407922122683937e-01,1.124000000000000057e+02
3.274092517660244228e-01,1.122999999999999972e+02
3.282777113197804519e-01,1.120000000000000000e+02
3.291461708735364811e-01,1.114000000000000057e+02
3.300146304272925102e-01,1.112999999999999972e+02
3.308830899810485948e-01,1.112000000000000028e+02
3.317515495348047350e-01,1.110999999999999943e+02
3.326200090885606531e-01,1.109000000000000057e+02
3.334884686423167932e-01,1.105000000000000000e+02
3.343569281960727113e-01,1.104000000000000057e+02
3.352253877498288515e-01,1.100999999999999943e+02
3.360938473035847696e-01,1.100000000000000000e+02
3.369623068573409097e-01,1.097999999999999972e+02
3.378307664110968278e-01,1.095000000000000000e+02
3.386992259648529680e-01,1.092999999999999972e+02
3.395676855186088861e-01,1.090999999999999943e+02
3.404361450723650262e-01,1.087999999999999972e+02
3.413046046261209443e-01,1.085000000000000000e+02
3.421730641798770844e-01,1.080999999999999943e+02
3.430415237336331691e-01,1.080999999999999943e+02
3.439099832873891982e-01,1.080999999999999943e+02
3.447784428411452273e-01,1.079000000000000057e+02
3.456469023949012565e-01,1.077000000000000028e+02
3.465153619486572856e-01,1.075999999999999943e+02
3.473838215024133147e-01,1.075999999999999943e+02
3.482522810561693438e-01,1.072999999999999972e+02
3.491207406099253729e-01,1.070000000000000000e+02
3.499892001636814021e-01,1.067999999999999972e+02
3.508576597174374312e-01,1.062999999999999972e+02
3.517261192711934603e-01,1.062999999999999972e+02
3.525945788249494894e-01,1.059000000000000057e+02
3.534630383787055186e-01,1.055999999999999943e+02
3.543314979324615477e-01,1.052999999999999972e+02
3.551999574862176323e-01,1.052000000000000028e+02
3.560684170399736614e-01,1.050999999999999943e+02
3.569368765937296906e-01,1.050000000000000000e+02
3.578053361474857197e-01,1.047999999999999972e+02
3.586737957012417488e-01,1.044000000000000057e+02
3.595422552549977779e-01,1.039000000000000057e+02
3.604107148087538071e-01,1.039000000000000057e+02
3.612791743625098362e-01,1.037999999999999972e+02
3.621476339162658653e-01,1.035999999999999943e+02
3.630160934700218944e-01,1.032999999999999972e+02
3.638845530237779236e-01,1.032000000000000028e+02
3.647530125775339527e-01,1.029000000000000057e+02
3.656214721312899818e-01,1.025000000000000000e+02
3.664899316850460109e-01,1.020999999999999943e+02
3.673583912388020400e-01,1.020999999999999943e+02
3.682268507925580692e-01,1.020000000000000000e+02
3.690953103463140983e-01,1.019000000000000057e+02
3.699637699000701274e-01,1.017000000000000028e+02
3.708322294538261565e-01,1.012999999999999972e+02
3.717006890075821857e-01,1.012000000000000028e+02
3.725691485613382148e-01,1.010000000000000000e+02
3.734376081150942439e-01,1.007999999999999972e+02
3.743060676688502730e-01,1.002999999999999972e+02
3.751745272226063022e-01,1.002000000000000028e+02
3.760429867763623313e-01,9.979999999999999716e+01
3.769114463301183604e-01,9.929999999999999716e+01
3.777799058838743895e-01,9.929999999999999716e+01
3.786483654376304742e-01,9.879999999999999716e+01
3.795168249913865033e-01,9.850000000000000000e+01
3.803852845451425324e-01,9.800000000000000000e+01
3.812537440988985615e-01,9.779999999999999716e+01
3.821222036526545907e-01,9.720000000000000284e+01
3.829906632064106198e-01,9.720000000000000284e+01
3.838591227601666489e-01,9.690000000000000568e+01
3.847275823139226780e-01,9.690000000000000568e+01
3.855960418676787071e-01,9.690000000000000568e+01
3.864645014214347363e-01,9.670000000000000284e+01
3.873329609751907654e-01,9.650000000000000000e+01
3.882014205289467945e-01,9.640000000000000568e+01
3.890698800827028236e-01,9.609999999999999432e+01
3.899383396364588528e-01,9.590000000000000568e+01
3.908067991902149374e-01,9.550000000000000000e+01
3.916752587439709665e-01,9.500000000000000000e+01
3.925437182977269956e-01,9.479999999999999716e+01
3.934121778514830248e-01,9.479999999999999716e+01
3.942806374052390539e-01,9.459999999999999432e+01
3.951490969589950830e-01,9.450000000000000000e+01
3.960175565127511121e-01,9.440000000000000568e+01
3.968860160665071413e-01,9.400000000000000000e+01
3.977544756202631704e-01,9.359999999999999432e+01
3.986229351740191995e-01,9.350000000000000000e+01
3.994913947277752286e-01,9.340000000000000568e+01
4.003598542815313133e-01,9.329999999999999716e+01
4.012283138352873424e-01,9.300000000000000000e+01
4.020967733890433715e-01,9.290000000000000568e+01
4.029652329427994006e-01,9.270000000000000284e+01
4.038336924965554298e-01,9.250000000000000000e+01
4.047021520503114589e-01,9.229999999999999716e+01
4.055706116040674880e-01,9.220000000000000284e+01
4.064390711578235171e-01,9.190000000000000568e+01
4.073075307115795463e-01,9.170000000000000284e+01
4.081759902653355754e-01,9.129999999999999716e+01
4.090444498190916045e-01,9.100000000000000000e+01
4.099129093728476336e-01,9.079999999999999716e+01
4.107813689266036628e-01,9.059999999999999432e+01
4.116498284803596919e-01,9.040000000000000568e+01
4.125182880341157210e-01,9.029999999999999716e+01
4.133867475878717501e-01,9.009999999999999432e+01
4.142552071416277792e-01,8.990000000000000568e+01
4.151236666953838084e-01,8.979999999999999716e+01
4.159921262491398375e-01,8.970000000000000284e+01
4.168605858028958666e-01,8.920000000000000284e+01
4.177290453566518957e-01,8.920000000000000284e+01
4.185975049104079249e-01,8.900000000000000000e+01
4.194659644641639540e-01,8.879999999999999716e+01
4.203344240179199831e-01,8.850000000000000000e+01
4.212028835716760122e-01,8.829999999999999716e+01
4.220713431254320414e-01,8.790000000000000568e+01
4.229398026791880705e-01,8.759999999999999432e+01
4.238082622329440996e-01,8.720000000000000284e+01
4.246767217867001287e-01,8.690000000000000568e+01
4.255451813404561578e-01,8.679999999999999716e+01
4.264136408942121870e-01,8.679999999999999716e+01
4.272821004479682161e-01,8.640000000000000568e+01
4.281505600017244673e-01,8.609999999999999432e+01
4.290190195554802743e-01,8.600000000000000000e+01
4.298874791092365255e-01,8.590000000000000568e+01
4.307559386629923326e-01,8.570000000000000284e+01
4.316243982167485838e-01,8.540000000000000568e+01
4.324928577705043908e-01,8.529999999999999716e+01
4.333613173242606420e-01,8.479999999999999716e+01
4.342297768780164491e-01,8.470000000000000284e+01
4.350982364317727003e-01,8.470000000000000284e+01
4.359666959855285073e-01,8.459999999999999432e+01
4.368351555392847585e-01,8.450000000000000000e+01
4.377036150930405656e-01,8.420000000000000284e+01
4.385720746467968167e-01,8.420000000000000284e+01
4.394405342005528459e-01,8.379999999999999716e+01
4.403089937543088750e-01,8.340000000000000568e+01
4.411774533080649041e-01,8.320000000000000284e+01
4.420459128618209332e-01,8.309999999999999432e+01
4.429143724155769624e-01,8.309999999999999432e+01
4.437828319693329915e-01,8.290000000000000568e+01
4.446512915230889651e-01,8.290000000000000568e+01
4.455197510768450497e-01,8.259999999999999432e+01
4.463882106306010233e-01,8.250000000000000000e+01
4.472566701843571080e-01,8.240000000000000568e+01
4.481251297381130816e-01,8.240000000000000568e+01
4.489935892918691662e-01,8.209999999999999432e+01
4.498620488456251398e-01,8.200000000000000000e+01
4.507305083993812245e-01,8.200000000000000000e+01
4.515989679531372536e-01,8.200000000000000000e+01
4.524674275068932827e-01,8.190000000000000568e+01
4.533358870606493118e-01,8.179999999999999716e+01
4.542043466144053410e-01,8.179999999999999716e+01
4.550728061681613701e-01,8.150000000000000000e+01
4.559412657219173992e-01,8.150000000000000000e+01
4.568097252756734283e-01,8.129999999999999716e+01
4.576781848294294575e-01,8.129999999999999716e+01
4.585466443831854866e-01,8.120000000000000284e+01
4.594151039369415157e-01,8.100000000000000000e+01
4.602835634906975448e-01,8.090000000000000568e+01
4.611520230444535740e-01,8.070000000000000284e+01
4.620204825982096031e-01,8.050000000000000000e+01
4.628889421519656322e-01,8.020000000000000284e+01
4.637574017057216613e-01,8.000000000000000000e+01
4.646258612594776904e-01,7.979999999999999716e+01
4.654943208132337196e-01,7.970000000000000284e+01
4.663627803669897487e-01,7.970000000000000284e+01
4.672312399207457778e-01,7.920000000000000284e+01
4.680996994745018069e-01,7.920000000000000284e+01
4.689681590282578361e-01,7.890000000000000568e+01
4.698366185820138652e-01,7.850000000000000000e+01
4.707050781357698943e-01,7.820000000000000284e+01
4.715735376895259234e-01,7.800000000000000000e+01
4.724419972432819526e-01,7.770000000000000284e+01
4.733104567970379817e-01,7.740000000000000568e+01
4.741789163507940108e-01,7.740000000000000568e+01
4.750473759045501509e-01,7.740000000000000568e+01
4.759158354583060691e-01,7.690000000000000568e+01
4.767842950120622092e-01,7.650000000000000000e+01
4.776527545658183493e-01,7.629999999999999716e+01
4.785212141195742674e-01,7.629999999999999716e+01
4.793896736733301855e-01,7.620000000000000284e+01
4.802581332270863257e-01,7.609999999999999432e+01
4.811265927808424658e-01,7.590000000000000568e+01
4.819950523345983839e-01,7.579999999999999716e+01
4.828635118883543020e-01,7.529999999999999716e+01
4.837319714421104422e-01,7.529999999999999716e+01
4.846004309958665823e-01,7.529999999999999716e+01
4.854688905496225004e-01,7.529999999999999716e+01
4.863373501033784185e-01,7.520000000000000284e+01
4.872058096571346697e-01,7.509999999999999432e+01
4.880742692108906988e-01,7.500000000000000000e+01
4.889427287646467279e-01,7.500000000000000000e+01
4.898111883184027571e-01,7.479999999999999716e+01
4.906796478721587862e-01,7.470000000000000284e+01
4.915481074259148153e-01,7.450000000000000000e+01
4.924165669796708444e-01,7.429999999999999716e+01
4.932850265334268736e-01,7.429999999999999716e+01
4.941534860871829027e-01,7.409999999999999432e+01
4.950219456409389318e-01,7.390000000000000568e+01
4.958904051946949609e-01,7.379999999999999716e+01
4.967588647484509901e-01,7.370000000000000284e+01
4.976273243022070192e-01,7.350000000000000000e+01
4.984957838559630483e-01,7.340000000000000568e+01
4.993642434097190774e-01,7.340000000000000568e+01
5.002327029634752176e-01,7.340000000000000568e+01
5.011011625172311357e-01,7.340000000000000568e+01
5.019696220709872758e-01,7.340000000000000568e+01
5.028380816247431939e-01,7.329999999999999716e+01
5.037065411784993341e-01,7.329999999999999716e+01
5.045750007322552522e-01,7.329999999999999716e+01
5.054434602860113923e-01,7.309999999999999432e+01
5.063119198397673104e-01,7.290000000000000568e+01
5.071803793935234506e-01,7.290000000000000568e+01
5.080488389472793687e-01,7.290000000000000568e+01
5.089172985010355088e-01,7.259999999999999432e+01
5.097857580547914269e-01,7.259999999999999432e+01
5.106542176085475671e-01,7.250000000000000000e+01
5.115226771623034852e-01,7.250000000000000000e+01
5.123911367160596253e-01,7.250000000000000000e+01
5.132595962698155434e-01,7.250000000000000000e+01
5.141280558235716835e-01,7.250000000000000000e+01
5.149965153773276016e-01,7.250000000000000000e+01
5.158649749310837418e-01,7.240000000000000568e+01
5.167334344848396599e-01,7.229999999999999716e+01
5.176018940385959111e-01,7.200000000000000000e+01
5.184703535923517181e-01,7.179999999999999716e+01
5.193388131461079693e-01,7.170000000000000284e+01
5.202072726998637764e-01,7.170000000000000284e+01
5.210757322536200276e-01,7.159999999999999432e+01
5.219441918073758346e-01,7.150000000000000000e+01
5.228126513611320858e-01,7.129999999999999716e+01
5.236811109148878929e-01,7.109999999999999432e+01
5.245495704686441441e-01,7.100000000000000000e+01
5.254180300223999511e-01,7.090000000000000568e+01
5.262864895761562023e-01,7.079999999999999716e+01
5.271549491299120094e-01,7.079999999999999716e+01
5.280234086836682605e-01,7.079999999999999716e+01
5.288918682374240676e-01,7.070000000000000284e+01
5.297603277911803188e-01,7.070000000000000284e+01
5.306287873449361259e-01,7.059999999999999432e+01
5.314972468986923770e-01,7.050000000000000000e+01
5.323657064524481841e-01,7.050000000000000000e+01
5.332341660062044353e-01,7.020000000000000284e+01
5.341026255599602424e-01,7.000000000000000000e+01
5.349710851137164935e-01,6.990000000000000568e+01
5.358395446674723006e-01,6.990000000000000568e+01
5.367080042212285518e-01,6.959999999999999432e+01
5.375764637749843589e-01,6.959999999999999432e+01
5.384449233287406100e-01,6.959999999999999432e+01
5.393133828824964171e-01,6.929999999999999716e+01
5.401818424362526683e-01,6.920000000000000284e+01
5.410503019900085864e-01,6.909999999999999432e+01
5.419187615437647265e-01,6.890000000000000568e+01
5.427872210975206446e-01,6.870000000000000284e+01
5.436556806512767848e-01,6.859999999999999432e+01
5.445241402050327029e-01,6.850000000000000000e+01
5.453925997587888430e-01,6.829999999999999716e+01
5.462610593125447611e-01,6.820000000000000284e+01
5.471295188663009013e-01,6.809999999999999432e+01
5.479979784200568194e-01,6.809999999999999432e+01
5.488664379738129595e-01,6.800000000000000000e+01
5.497348975275688776e-01,6.790000000000000568e+01
5.506033570813250178e-01,6.790000000000000568e+01
5.514718166350809359e-01,6.759999999999999432e+01
5.523402761888370760e-01,6.750000000000000000e+01
5.532087357425929941e-01,6.740000000000000568e+01
5.540771952963491342e-01,6.729999999999999716e+01
5.549456548501050523e-01,6.709999999999999432e+01
5.558141144038611925e-01,6.700000000000000000e+01
5.566825739576171106e-01,6.670000000000000284e+01
5.575510335113732507e-01,6.650000000000000000e+01
5.584194930651291688e-01,6.640000000000000568e+01
5.592879526188853090e-01,6.640000000000000568e+01
5.601564121726412271e-01,6.629999999999999716e+01
5.610248717263973672e-01,6.629999999999999716e+01
5.618933312801532853e-01,6.629999999999999716e+01
5.627617908339094255e-01,6.609999999999999432e+01
5.636302503876653436e-01,6.609999999999999432e+01
5.644987099414214837e-01,6.590000000000000568e+01
5.653671694951775129e-01,6.590000000000000568e+01
5.662356290489336530e-01,6.579999999999999716e+01
5.671040886026897931e-01,6.579999999999999716e+01
5.679725481564457112e-01,6.579999999999999716e+01
5.688410077102016293e-01,6.570000000000000284e+01
5.697094672639577695e-01,6.570000000000000284e+01
5.705779268177139096e-01,6.540000000000000568e+01
5.714463863714698277e-01,6.540000000000000568e+01
5.723148459252257458e-01,6.520000000000000284e+01
5.731833054789818860e-01,6.520000000000000284e+01
5.740517650327380261e-01,6.479999999999999716e+01
5.749202245864939442e-01,6.479999999999999716e+01
5.757886841402498623e-01,6.470000000000000284e+01
5.766571436940060025e-01,6.470000000000000284e+01
5.775256032477621426e-01,6.450000000000000000e+01
5.783940628015180607e-01,6.450000000000000000e+01
5.792625223552739788e-01,6.450000000000000000e+01
5.801309819090301190e-01,6.450000000000000000e+01
5.809994414627862591e-01,6.429999999999999716e+01
5.818679010165421772e-01,6.420000000000000284e+01
5.827363605702980953e-01,6.409999999999999432e+01
5.836048201240542355e-01,6.409999999999999432e+01
5.844732796778103756e-01,6.409999999999999432e+01
5.853417392315662937e-01,6.409999999999999432e+01
5.862101987853222118e-01,6.400000000000000000e+01
5.870786583390783520e-01,6.400000000000000000e+01
5.879471178928344921e-01,6.379999999999999716e+01
5.888155774465904102e-01,6.379999999999999716e+01
5.896840370003466614e-01,6.370000000000000284e+01
5.905524965541025795e-01,6.339999999999999858e+01
5.914209561078587196e-01,6.329999999999999716e+01
5.922894156616146377e-01,6.310000000000000142e+01
5.931578752153707779e-01,6.289999999999999858e+01
5.940263347691266960e-01,6.289999999999999858e+01
5.948947943228828361e-01,6.279999999999999716e+01
5.957632538766387542e-01,6.279999999999999716e+01
5.966317134303948944e-01,6.279999999999999716e+01
5.975001729841508125e-01,6.279999999999999716e+01
5.983686325379069526e-01,6.260000000000000142e+01
5.992370920916628707e-01,6.250000000000000000e+01
6.001055516454190109e-01,6.210000000000000142e+01
6.009740111991749290e-01,6.189999999999999858e+01
6.018424707529310691e-01,6.179999999999999716e+01
6.027109303066869872e-01,6.170000000000000284e+01
6.035793898604431273e-01,6.160000000000000142e+01
6.044478494141990454e-01,6.160000000000000142e+01
6.053163089679551856e-01,6.150000000000000000e+01
6.061847685217111037e-01,6.129999999999999716e+01
6.070532280754672438e-01,6.129999999999999716e+01
6.079216876292231619e-01,6.110000000000000142e+01
6.087901471829793021e-01,6.100000000000000000e+01
6.096586067367352202e-01,6.079999999999999716e+01
6.105270662904913603e-01,6.050000000000000000e+01
6.113955258442472784e-01,6.050000000000000000e+01
6.122639853980034186e-01,6.039999999999999858e+01
6.131324449517593367e-01,6.029999999999999716e+01
6.140009045055155879e-01,6.020000000000000284e+01
6.148693640592713949e-01,6.000000000000000000e+01
6.157378236130276461e-01,5.989999999999999858e+01
6.166062831667834532e-01,5.989999999999999858e+01
6.174747427205397043e-01,5.979999999999999716e+01
6.183432022742955114e-01,5.979999999999999716e+01
6.192116618280517626e-01,5.970000000000000284e+01
6.200801213818075697e-01,5.970000000000000284e+01
6.209485809355638208e-01,5.960000000000000142e+01
6.218170404893196279e-01,5.939999999999999858e+01
6.226855000430758791e-01,5.939999999999999858e+01
6.235539595968316862e-01,5.929999999999999716e+01
6.244224191505879373e-01,5.920000000000000284e+01
6.252908787043437444e-01,5.900000000000000000e+01
6.261593382580999956e-01,5.900000000000000000e+01
6.270277978118558027e-01,5.900000000000000000e+01
6.278962573656120538e-01,5.879999999999999716e+01
6.287647169193678609e-01,5.879999999999999716e+01
6.296331764731241121e-01,5.879999999999999716e+01
6.305016360268799192e-01,5.879999999999999716e+01
6.313700955806361703e-01,5.879999999999999716e+01
6.322385551343919774e-01,5.860000000000000142e+01
6.331070146881482286e-01,5.860000000000000142e+01
6.339754742419040356e-01,5.860000000000000142e+01
6.348439337956602868e-01,5.860000000000000142e+01
6.357123933494160939e-01,5.829999999999999716e+01
6.365808529031723451e-01,5.820000000000000284e+01
6.374493124569282632e-01,5.820000000000000284e+01
6.383177720106844033e-01,5.810000000000000142e+01
6.391862315644403214e-01,5.810000000000000142e+01
6.400546911181964616e-01,5.810000000000000142e+01
6.409231506719523797e-01,5.789999999999999858e+01
6.417916102257085198e-01,5.779999999999999716e+01
6.426600697794644379e-01,5.779999999999999716e+01
6.435285293332205780e-01,5.779999999999999716e+01
6.443969888869764961e-01,5.760000000000000142e+01
6.452654484407326363e-01,5.760000000000000142e+01
6.461339079944885544e-01,5.760000000000000142e+01
6.470023675482446945e-01,5.750000000000000000e+01
6.478708271020006126e-01,5.750000000000000000e+01
6.487392866557567528e-01,5.750000000000000000e+01
6.496077462095126709e-01,5.729999999999999716e+01
6.504762057632688110e-01,5.720000000000000284e+01
6.513446653170247291e-01,5.710000000000000142e+01
6.522131248707808693e-01,5.679999999999999716e+01
6.530815844245367874e-01,5.679999999999999716e+01
6.539500439782929275e-01,5.660000000000000142e+01
6.548185035320488456e-01,5.660000000000000142e+01
6.556869630858049858e-01,5.650000000000000000e+01
6.565554226395609039e-01,5.639999999999999858e+01
6.574238821933170440e-01,5.639999999999999858e+01
6.582923417470729621e-01,5.620000000000000284e+01
6.591608013008291023e-01,5.620000000000000284e+01
6.600292608545850204e-01,5.610000000000000142e+01
6.608977204083411605e-01,5.600000000000000000e+01
6.617661799620971896e-01,5.600000000000000000e+01
6.626346395158533298e-01,5.600000000000000000e+01
6.635030990696094699e-01,5.579999999999999716e+01
6.643715586233653880e-01,5.579999999999999716e+01
6.652400181771213061e-01,5.579999999999999716e+01
6.661084777308774463e-01,5.560000000000000142e+01
6.669769372846335864e-01,5.550000000000000000e+01
6.678453968383895045e-01,5.539999999999999858e+01
6.687138563921454226e-01,5.539999999999999858e+01
6.695823159459015628e-01,5.539999999999999858e+01
6.704507754996577029e-01,5.529999999999999716e+01
6.713192350534136210e-01,5.520000000000000284e+01
6.721876946071695391e-01,5.520000000000000284e+01
6.730561541609256793e-01,5.520000000000000284e+01
6.739246137146818194e-01,5.520000000000000284e+01
6.747930732684377375e-01,5.520000000000000284e+01
6.756615328221936556e-01,5.500000000000000000e+01
6.765299923759497958e-01,5.489999999999999858e+01
6.773984519297059359e-01,5.470000000000000284e+01
6.782669114834618540e-01,5.460000000000000142e+01
6.791353710372177721e-01,5.460000000000000142e+01
6.800038305909739123e-01,5.439999999999999858e+01
6.808722901447300524e-01,5.439999999999999858e+01
6.817407496984859705e-01,5.429999999999999716e+01
6.826092092522418886e-01,5.429999999999999716e+01
6.834776688059980287e-01,5.429999999999999716e+01
6.843461283597541689e-01,5.420000000000000284e+01
6.852145879135101980e-01,5.420000000000000284e+01
6.860830474672663382e-01,5.420000000000000284e+01
6.869515070210222563e-01,5.400000000000000000e+01
6.878199665747783964e-01,5.379999999999999716e+01
6.886884261285343145e-01,5.360000000000000142e+01
6.895568856822904547e-01,5.350000000000000000e+01
6.904253452360463728e-01,5.350000000000000000e+01
6.912938047898025129e-01,5.350000000000000000e+01
6.921622643435584310e-01,5.350000000000000000e+01
6.930307238973145711e-01,5.350000000000000000e+01
6.938991834510704892e-01,5.339999999999999858e+01
6.947676430048266294e-01,5.310000000000000142e+01
6.956361025585825475e-01,5.300000000000000000e+01
6.965045621123386876e-01,5.300000000000000000e+01
6.973730216660946057e-01,5.300000000000000000e+01
6.982414812198507459e-01,5.300000000000000000e+01
6.991099407736066640e-01,5.279999999999999716e+01
6.999784003273628041e-01,5.270000000000000284e+01
7.008468598811187222e-01,5.270000000000000284e+01
7.017153194348748624e-01,5.270000000000000284e+01
7.025837789886307805e-01,5.270000000000000284e+01
7.034522385423869206e-01,5.260000000000000142e+01
7.043206980961428387e-01,5.239999999999999858e+01
7.051891576498989789e-01,5.239999999999999858e+01
7.060576172036548970e-01,5.239999999999999858e+01
7.069260767574110371e-01,5.239999999999999858e+01
7.077945363111669552e-01,5.229999999999999716e+01
7.086629958649230954e-01,5.229999999999999716e+01
7.095314554186790135e-01,5.229999999999999716e+01
7.103999149724352646e-01,5.220000000000000284e+01
7.112683745261910717e-01,5.220000000000000284e+01
7.121368340799473229e-01,5.220000000000000284e+01
7.130052936337031300e-01,5.210000000000000142e+01
7.138737531874593811e-01,5.189999999999999858e+01
7.147422127412151882e-01,5.189999999999999858e+01
7.156106722949714394e-01,5.160000000000000142e+01
7.164791318487272465e-01,5.160000000000000142e+01
7.173475914024834976e-01,5.150000000000000000e+01
7.182160509562393047e-01,5.139999999999999858e+01
7.190845105099955559e-01,5.139999999999999858e+01
7.199529700637513630e-01,5.139999999999999858e+01
7.208214296175076141e-01,5.139999999999999858e+01
7.216898891712634212e-01,5.129999999999999716e+01
7.225583487250196724e-01,5.129999999999999716e+01
7.234268082787754794e-01,5.129999999999999716e+01
7.242952678325317306e-01,5.120000000000000284e+01
7.251637273862875377e-01,5.120000000000000284e+01
7.260321869400437889e-01,5.120000000000000284e+01
7.269006464937995959e-01,5.100000000000000000e+01
7.277691060475558471e-01,5.079999999999999716e+01
7.286375656013116542e-01,5.070000000000000284e+01
7.295060251550679054e-01,5.070000000000000284e+01
7.303744847088237124e-01,5.060000000000000142e+01
7.312429442625799636e-01,5.060000000000000142e+01
7.321114038163357707e-01,5.060000000000000142e+01
7.329798633700920218e-01,5.050000000000000000e+01
7.338483229238479399e-01,5.039999999999999858e+01
7.347167824776040801e-01,5.039999999999999858e+01
7.355852420313599982e-01,5.029999999999999716e+01
7.364537015851161383e-01,5.029999999999999716e+01
7.373221611388720564e-01,5.020000000000000284e+01
7.381906206926281966e-01,5.020000000000000284e+01
7.390590802463841147e-01,5.020000000000000284e+01
7.399275398001402548e-01,5.010000000000000142e+01
7.407959993538961729e-01,5.000000000000000000e+01
7.416644589076523131e-01,5.000000000000000000e+01
7.425329184614082312e-01,4.989999999999999858e+01
7.434013780151643713e-01,4.989999999999999858e+01
7.442698375689202894e-01,4.989999999999999858e+01
7.451382971226764296e-01,4.979999999999999716e+01
7.460067566764323477e-01,4.979999999999999716e+01
7.468752162301884878e-01,4.970000000000000284e+01
7.477436757839444059e-01,4.960000000000000142e+01
7.486121353377005461e-01,4.960000000000000142e+01
7.494805948914564642e-01,4.960000000000000142e+01
7.503490544452126043e-01,4.960000000000000142e+01
7.512175139989685224e-01,4.950000000000000000e+01
7.520859735527246626e-01,4.950000000000000000e+01
7.529544331064805807e-01,4.950000000000000000e+01
7.538228926602367208e-01,4.950000000000000000e+01
7.546913522139926389e-01,4.950000000000000000e+01
7.555598117677487791e-01,4.939999999999999858e+01
7.564282713215046972e-01,4.939999999999999858e+01
7.572967308752609483e-01,4.939999999999999858e+01
7.581651904290168664e-01,4.939999999999999858e+01
7.590336499827730066e-01,4.939999999999999858e+01
7.599021095365291467e-01,4.939999999999999858e+01
7.607705690902850648e-01,4.939999999999999858e+01
7.616390286440409829e-01,4.939999999999999858e+01
7.625074881977971231e-01,4.939999999999999858e+01
7.633759477515532632e-01,4.939999999999999858e+01
7.642444073053091813e-01,4.929999999999999716e+01
7.651128668590650994e-01,4.920000000000000284e+01
7.659813264128212396e-01,4.910000000000000142e+01
7.668497859665773797e-01,4.900000000000000000e+01
7.677182455203332978e-01,4.889999999999999858e+01
7.685867050740892159e-01,4.860000000000000142e+01
7.694551646278453561e-01,4.850000000000000000e+01
7.703236241816014962e-01,4.839999999999999858e+01
7.711920837353574143e-01,4.829999999999999716e+01
7.720605432891133324e-01,4.810000000000000142e+01
7.729290028428694725e-01,4.810000000000000142e+01
7.737974623966256127e-01,4.810000000000000142e+01
7.746659219503815308e-01,4.789999999999999858e+01
7.755343815041374489e-01,4.789999999999999858e+01
7.764028410578935890e-01,4.789999999999999858e+01
7.772713006116497292e-01,4.779999999999999716e+01
7.781397601654056473e-01,4.779999999999999716e+01
7.790082197191615654e-01,4.779999999999999716e+01
7.798766792729177055e-01,4.760000000000000142e+01
7.807451388266738457e-01,4.760000000000000142e+01
7.816135983804298748e-01,4.760000000000000142e+01
7.824820579341860149e-01,4.739999999999999858e+01
7.833505174879419330e-01,4.739999999999999858e+01
7.842189770416980732e-01,4.739999999999999858e+01
7.850874365954539913e-01,4.729999999999999716e+01
7.859558961492101314e-01,4.720000000000000284e+01
7.868243557029660495e-01,4.710000000000000142e+01
7.876928152567221897e-01,4.710000000000000142e+01
7.885612748104781078e-01,4.710000000000000142e+01
7.894297343642342479e-01,4.710000000000000142e+01
7.902981939179901660e-01,4.689999999999999858e+01
7.911666534717463062e-01,4.689999999999999858e+01
7.920351130255022243e-01,4.679999999999999716e+01
7.929035725792583644e-01,4.660000000000000142e+01
7.937720321330142825e-01,4.660000000000000142e+01
7.946404916867704227e-01,4.660000000000000142e+01
7.955089512405263408e-01,4.639999999999999858e+01
7.963774107942824809e-01,4.639999999999999858e+01
7.972458703480383990e-01,4.639999999999999858e+01
7.981143299017945392e-01,4.639999999999999858e+01
7.989827894555504573e-01,4.639999999999999858e+01
7.998512490093065974e-01,4.639999999999999858e+01
8.007197085630626265e-01,4.629999999999999716e+01
8.015881681168186557e-01,4.629999999999999716e+01
8.024566276705746848e-01,4.620000000000000284e+01
8.033250872243307139e-01,4.620000000000000284e+01
8.041935467780867430e-01,4.610000000000000142e+01
8.050620063318427722e-01,4.600000000000000000e+01
8.059304658855988013e-01,4.600000000000000000e+01
8.067989254393548304e-01,4.600000000000000000e+01
8.076673849931108595e-01,4.600000000000000000e+01
8.085358445468668886e-01,4.600000000000000000e+01
8.094043041006229178e-01,4.589999999999999858e+01
8.102727636543789469e-01,4.589999999999999858e+01
8.111412232081349760e-01,4.589999999999999858e+01
8.120096827618910051e-01,4.589999999999999858e+01
8.128781423156470343e-01,4.579999999999999716e+01
8.137466018694030634e-01,4.579999999999999716e+01
8.146150614231590925e-01,4.579999999999999716e+01
8.154835209769151216e-01,4.579999999999999716e+01
8.163519805306711508e-01,4.570000000000000284e+01
8.172204400844271799e-01,4.570000000000000284e+01
8.180888996381832090e-01,4.560000000000000142e+01
8.189573591919392381e-01,4.550000000000000000e+01
8.198258187456952673e-01,4.550000000000000000e+01
8.206942782994512964e-01,4.539999999999999858e+01
8.215627378532073255e-01,4.539999999999999858e+01
8.224311974069633546e-01,4.529999999999999716e+01
8.232996569607193837e-01,4.510000000000000142e+01
8.241681165144754129e-01,4.510000000000000142e+01
8.250365760682314420e-01,4.500000000000000000e+01
8.259050356219874711e-01,4.500000000000000000e+01
8.267734951757435002e-01,4.479999999999999716e+01
8.276419547294995294e-01,4.470000000000000284e+01
8.285104142832555585e-01,4.460000000000000142e+01
8.293788738370115876e-01,4.450000000000000000e+01
8.302473333907676167e-01,4.450000000000000000e+01
8.311157929445236459e-01,4.420000000000000284e+01
8.319842524982796750e-01,4.410000000000000142e+01
8.328527120520357041e-01,4.400000000000000000e+01
8.337211716057917332e-01,4.389999999999999858e+01
8.345896311595477624e-01,4.389999999999999858e+01
8.354580907133037915e-01,4.379999999999999716e+01
8.363265502670598206e-01,4.370000000000000284e+01
8.371950098208158497e-01,4.370000000000000284e+01
8.380634693745718788e-01,4.370000000000000284e+01
8.389319289283279080e-01,4.370000000000000284e+01
8.398003884820839371e-01,4.360000000000000142e+01
8.406688480358399662e-01,4.360000000000000142e+01
8.415373075895959953e-01,4.360000000000000142e+01
8.424057671433520245e-01,4.360000000000000142e+01
8.432742266971080536e-01,4.350000000000000000e+01
8.441426862508640827e-01,4.350000000000000000e+01
8.450111458046201118e-01,4.339999999999999858e+01
8.458796053583761410e-01,4.339999999999999858e+01
8.467480649121321701e-01,4.329999999999999716e+01
8.476165244658881992e-01,4.329999999999999716e+01
8.484849840196442283e-01,4.329999999999999716e+01
8.493534435734002574e-01,4.329999999999999716e+01
8.502219031271562866e-01,4.329999999999999716e+01
8.510903626809123157e-01,4.329999999999999716e+01
8.519588222346683448e-01,4.329999999999999716e+01
8.528272817884243739e-01,4.329999999999999716e+01
8.536957413421806251e-01,4.320000000000000284e+01
8.545642008959364322e-01,4.310000000000000142e+01
8.554326604496926834e-01,4.310000000000000142e+01
8.563011200034489345e-01,4.310000000000000142e+01
8.571695795572047416e-01,4.310000000000000142e+01
8.580380391109605487e-01,4.310000000000000142e+01
8.589064986647167999e-01,4.310000000000000142e+01
8.597749582184730510e-01,4.300000000000000000e+01
8.606434177722288581e-01,4.300000000000000000e+01
8.615118773259846652e-01,4.289999999999999858e+01
8.623803368797409163e-01,4.279999999999999716e+01
8.632487964334971675e-01,4.260000000000000142e+01
8.641172559872529746e-01,4.260000000000000142e+01
8.649857155410087817e-01,4.260000000000000142e+01
8.658541750947650328e-01,4.260000000000000142e+01
8.667226346485212840e-01,4.250000000000000000e+01
8.675910942022770911e-01,4.250000000000000000e+01
8.684595537560328982e-01,4.239999999999999858e+01
