1.74206514639e-05,3995.05406
3.47814381461e-05,3993.50924
5.21422248283e-05,3992.10348
6.95030115105e-05,3990.76906
8.68637981927e-05,3989.49648
0.000104224584875,3988.26458
0.000121585371557,3987.06344
0.000139006023021,3985.89448
0.000156366809703,3984.74582
0.000173727596385,3983.6148
0.000191088383068,3982.50256
0.00020844916975,3981.40576
0.000225809956432,3980.31584
0.000243170743114,3979.2437
0.000260591394578,3978.17408
0.00027795218126,3977.12984
0.000295312967942,3976.08738
0.000312673754625,3975.04712
0.000330034541307,3974.01294
0.000347395327989,3972.99578
0.000364756114671,3971.96936
0.000382176766135,3970.95418
0.000399537552817,3969.94438
0.000416898339499,3968.93468
0.000434259126182,3967.934
0.000451619912864,3966.9338
0.000468980699546,3965.93992
0.000486341486228,3964.94932
0.000503762137692,3963.9596
0.000521122924374,3962.97102
0.000538483711056,3961.9913
0.000555844497739,3961.01968
0.000573205284421,3960.05166
0.000590566071103,3959.08484
0.000607926857785,3958.11172
0.000625347509249,3957.14946
0.000642708295931,3956.19032
0.000660069082614,3955.23584
0.000677429869296,3954.2764
0.000694790655978,3953.32572
0.00071215144266,3952.37714
0.000729512229342,3951.43004
0.000746932880806,3950.48032
0.000764293667489,3949.54078
0.000781654454171,3948.59606
0.000799015240853,3947.65224
0.000816376027535,3946.72612
0.000833736814217,3945.7849
0.0008510976009,3944.85394
0.000868518252363,3943.91012
0.000885879039046,3942.98008
0.000903239825728,3942.04508
0.00092060061241,3941.1146
0.000937961399092,3940.18808
0.000955322185774,3939.26168
0.000972682972457,3938.3337
0.000990103623921,3937.39714
0.0010074644106,3936.46896
0.00102482519728,3935.55628
0.00104218598397,3934.63886
0.00105954677065,3933.72714
0.00107690755733,3932.80716
0.00109426834401,3931.89294
0.0011116291307,3930.97144
0.00112904978216,3930.05582
0.00114641056884,3929.13772
0.00116377135552,3928.21814
0.00118113214221,3927.30584
0.00119849292889,3926.39866
0.00121585371557,3925.49804
0.00123321450225,3924.59438
0.00125063515372,3923.69352
0.0012679959404,3922.7842
0.00128535672708,3921.88916
0.00130271751376,3920.98942
0.00132007830045,3920.09758
0.00133743908713,3919.20748
0.00135479987381,3918.31466
0.00137222052527,3917.41072
0.00138958131196,3916.51566
0.00140694209864,3915.60754
0.00142430288532,3914.7152
0.001441663672,3913.8206
0.00145902445868,3912.92456
0.00147638524537,3912.04362
0.00149380589683,3911.15408
0.00151116668351,3910.26948
0.00152852747019,3909.38518
0.00154588825688,3908.49728
0.00156324904356,3907.61368
0.00158060983024,3906.73646
0.00159797061692,3905.84854
0.00161539126839,3904.9627
0.00163275205507,3904.0763
0.00165011284175,3903.18984
0.00166747362843,3902.30842
0.00168483441512,3901.42688
0.0017021952018,3900.54366
0.00171955598848,3899.66138
0.00173697663994,3898.77938
0.00175433742663,3897.90652
0.00177169821331,3897.02788
0.00178905899999,3896.1504
0.00180641978667,3895.27588
0.00182378057336,3894.39852
0.00184114136004,3893.5203
0.0018585620115,3892.64826
0.00187592279818,3891.76614
0.00189328358487,3890.89054
0.00191064437155,3890.01762
0.00192800515823,3889.14512
0.00194536594491,3888.2695
0.00196272673159,3887.39828
0.00198014738306,3886.52548
0.00199750816974,3885.65738
0.00201486895642,3884.78802
0.0020322297431,3883.91598
0.00204959052979,3883.0469
0.00206695131647,3882.17666
0.00208431210315,3881.30536
0.00210167288983,3880.43876
0.0021190935413,3879.57236
0.00213645432798,3878.70586
0.00215381511466,3877.84102
0.00217117590134,3876.9717
0.00218853668803,3876.10734
0.00220589747471,3875.2454
0.00222325826139,3874.38572
0.00224067891285,3873.51836
0.00225803969954,3872.66582
0.00227540048622,3871.80902
0.0022927612729,3870.9477
0.00231012205958,3870.0923
0.00232748284626,3869.23886
0.00234484363295,3868.3813
0.00236226428441,3867.52532
0.00237962507109,3866.68154
0.00239698585778,3865.83048
0.00241434664446,3864.97314
0.00243170743114,3864.11764
0.00244906821782,3863.25782
0.0024664290045,3862.40042
0.00248384965597,3861.54714
0.00250121044265,3860.69106
0.00251857122933,3859.83448
0.00253593201601,3858.97782
0.0025532928027,3858.12408
0.00257065358938,3857.26528
0.00258801437606,3856.42054
0.00260543502752,3855.56934
0.00262279581421,3854.71578
0.00264015660089,3853.85228
0.00265751738757,3853.00416
0.00267487817425,3852.15736
0.00269223896094,3851.3001
0.00270959974762,3850.45166
0.00272702039908,3849.60082
0.00274438118576,3848.74996
0.00276174197245,3847.90516
0.00277910275913,3847.0582
0.00279646354581,3846.20672
0.00281382433249,3845.36712
0.00283118511917,3844.52646
0.00284860577064,3843.66884
0.00286596655732,3842.8202
0.002883327344,3841.97302
0.00290068813069,3841.1319
0.00291804891737,3840.28734
0.00293540970405,3839.44776
0.00295277049073,3838.59964
0.0029701911422,3837.75556
0.00298755192888,3836.91128
0.00300491271556,3836.08048
0.00302227350224,3835.24848
0.00303963428892,3834.40074
0.00305699507561,3833.56042
0.00307435586229,3832.71892
0.00309171664897,3831.8743
0.00310913730043,3831.03098
0.00312649808712,3830.18882
0.0031438588738,3829.35006
0.00316121966048,3828.51528
0.00317858044716,3827.67878
0.00319594123385,3826.84002
0.00321330202053,3826.0007
0.00323072267199,3825.16386
0.00324808345867,3824.32146
0.00326544424536,3823.48676
0.00328280503204,3822.64268
0.00330016581872,3821.80886
0.0033175266054,3820.9765
0.00333488739208,3820.14426
0.00335230804355,3819.31034
0.00336966883023,3818.46964
0.00338702961691,3817.63592
0.00340439040359,3816.79964
0.00342175119028,3815.96528
0.00343911197696,3815.13282
0.00345647276364,3814.29662
0.00347389341511,3813.46928
0.00349125420179,3812.63246
0.00350861498847,3811.79542
0.00352597577515,3810.96542
0.00354333656183,3810.1347
0.00356069734852,3809.30196
0.0035780581352,3808.472
0.00359547878666,3807.64202
0.00361283957334,3806.8124
0.00363020036003,3805.98584
0.00364756114671,3805.1572
0.00366492193339,3804.3309
0.00368228272007,3803.50152
0.00369964350676,3802.67866
0.00371706415822,3801.84236
0.0037344249449,3801.0139
0.00375178573158,3800.19308
0.00376914651827,3799.37138
0.00378650730495,3798.54992
0.00380386809163,3797.72858
0.00382122887831,3796.89992
0.00383864952978,3796.06736
0.00385601031646,3795.2428
0.00387337110314,3794.42
0.00389073188982,3793.60164
0.0039080926765,3792.7752
0.00392545346319,3791.95524
0.00394281424987,3791.12942
0.00396023490133,3790.29832
0.00397759568802,3789.47668
0.0039949564747,3788.65758
0.00401231726138,3787.84388
0.00402967804806,3787.02918
0.00404703883474,3786.2103
0.00406439962143,3785.38846
0.00408176040811,3784.57022
0.00409918105957,3783.74384
0.00411654184626,3782.91592
0.00413390263294,3782.09078
0.00415126341962,3781.27762
0.0041686242063,3780.45834
0.00418598499298,3779.64416
0.00420334577967,3778.8285
0.00422076643113,3778.01264
0.00423812721781,3777.20208
0.0042554880045,3776.39012
0.00427284879118,3775.57764
0.00429020957786,3774.75936
0.00430757036454,3773.94496
0.00432493115122,3773.13148
0.00434235180269,3772.31426
0.00435971258937,3771.50394
0.00437707337605,3770.6922
0.00439443416274,3769.8765
0.00441179494942,3769.0637
0.0044291557361,3768.25816
0.00444651652278,3767.4455
0.00446393717425,3766.63132
0.00448129796093,3765.82256
0.00449865874761,3765.01672
0.00451601953429,3764.19996
0.00453338032098,3763.39028
0.00455074110766,3762.58414
0.00456810189434,3761.77882
0.0045855225458,3760.96622
0.00460288333249,3760.1529
0.00462024411917,3759.33884
0.00463760490585,3758.52626
0.00465496569253,3757.71826
0.00467232647922,3756.91722
0.0046896872659,3756.11284
0.00470710791736,3755.30204
0.00472446870404,3754.49322
0.00474182949073,3753.68908
0.00475919027741,3752.87888
0.00477655106409,3752.06914
0.00479391185077,3751.25982
0.00481127263746,3750.45004
0.00482869328892,3749.63486
0.0048460540756,3748.83008
0.00486341486228,3748.02902
0.00488077564897,3747.22312
0.00489813643565,3746.41144
0.00491549722233,3745.61258
0.00493285800901,3744.80296
0.00495027866048,3743.99068
0.00496763944716,3743.1854
0.00498500023384,3742.381
0.00500236102052,3741.57356
0.00501972180721,3740.76712
0.00503708259389,3739.96472
0.00505444338057,3739.16304
0.00507180416725,3738.35662
0.00508922481872,3737.54546
0.0051065856054,3736.74924
0.00512394639208,3735.9493
0.00514130717876,3735.15298
0.00515866796545,3734.35642
0.00517602875213,3733.54666
0.00519338953881,3732.74752
0.00521081019028,3731.9445
0.00522817097696,3731.14
0.00524553176364,3730.34198
0.00526289255032,3729.53564
0.005280253337,3728.7412
0.00529761412369,3727.93964
0.00531497491037,3727.14138
0.00533239556183,3726.34738
0.00534975634852,3725.54794
0.0053671171352,3724.74794
0.00538447792188,3723.94476
0.00540183870856,3723.14466
0.00541919949525,3722.3452
0.00543656028193,3721.55096
0.00545398093339,3720.75442
0.00547134172007,3719.95372
0.00548870250676,3719.1581
0.00550606329344,3718.36118
0.00552342408012,3717.57082
0.0055407848668,3716.78098
0.00555814565349,3715.9861
0.00557556630495,3715.19496
0.00559292709163,3714.40002
0.00561028787831,3713.60674
0.005627648665,3712.81302
0.00564500945168,3712.022
0.00566237023836,3711.23356
0.00567973102504,3710.44032
0.00569715167651,3709.64414
0.00571451246319,3708.85036
0.00573187324987,3708.06186
0.00574923403655,3707.27194
0.00576659482324,3706.48514
0.00578395560992,3705.69482
0.0058013163966,3704.91062
0.00581873704806,3704.11688
0.00583609783475,3703.32954
0.00585345862143,3702.53998
0.00587081940811,3701.75314
0.00588818019479,3700.9676
0.00590554098148,3700.17636
0.00592290176816,3699.38706
0.00594032241962,3698.59518
0.0059576832063,3697.80422
0.00597504399299,3697.01172
0.00599240477967,3696.21924
0.00600976556635,3695.4254
0.00602712635303,3694.64018
0.00604448713972,3693.85028
0.0060618479264,3693.06236
0.00607926857786,3692.27662
0.00609662936454,3691.49746
0.00611399015123,3690.70874
0.00613135093791,3689.91922
0.00614871172459,3689.14012
0.00616607251127,3688.3541
0.00618343329796,3687.5758
0.00620085394942,3686.7837
0.0062182147361,3685.99534
0.00623557552278,3685.2045
0.00625293630947,3684.42216
0.00627029709615,3683.63412
0.00628765788283,3682.8471
0.00630501866951,3682.05906
0.00632243932098,3681.2694
0.00633980010766,3680.48978
0.00635716089434,3679.70516
0.00637452168103,3678.92082
0.00639188246771,3678.13306
0.00640924325439,3677.3478
0.00642660404107,3676.57032
0.00644402469254,3675.7874
0.00646138547922,3675.00454
0.0064787462659,3674.22446
0.00649610705258,3673.44426
0.00651346783927,3672.66094
0.00653082862595,3671.8765
0.00654818941263,3671.09834
0.00656561006409,3670.3202
0.00658297085078,3669.53774
0.00660033163746,3668.75738
0.00661769242414,3667.97882
0.00663505321082,3667.19592
0.00665241399751,3666.4179
0.00666977478419,3665.63806
0.00668719543565,3664.85034
0.00670455622233,3664.0647
0.00672191700902,3663.2907
0.0067392777957,3662.51224
0.00675663858238,3661.72576
0.00677399936906,3660.94736
0.00679136015575,3660.16898
0.00680878080721,3659.3875
0.00682614159389,3658.6149
0.00684350238057,3657.83366
0.00686086316726,3657.05894
0.00687822395394,3656.28492
0.00689558474062,3655.50862
0.0069129455273,3654.73006
0.00693036617877,3653.94472
0.00694772696545,3653.1724
0.00696508775213,3652.40408
0.00698244853881,3651.63218
0.0069998093255,3650.8601
0.00701717011218,3650.07972
0.00703453089886,3649.30274
0.00705189168554,3648.5239
0.00706931233701,3647.74798
0.00708667312369,3646.97284
0.00710403391037,3646.19524
0.00712139469705,3645.417
0.00713875548374,3644.64844
0.00715611627042,3643.8777
0.0071734770571,3643.10256
0.00719089770856,3642.32884
0.00720825849525,3641.54846
0.00722561928193,3640.77442
0.00724298006861,3640.00694
0.00726034085529,3639.23298
0.00727770164198,3638.45794
0.00729506242866,3637.68172
0.00731248308012,3636.90028
0.00732984386681,3636.13116
0.00734720465349,3635.35786
0.00736456544017,3634.58332
0.00738192622685,3633.81666
0.00739928701353,3633.05212
0.00741664780022,3632.2829
0.00743406845168,3631.51644
0.00745142923836,3630.74716
0.00746879002505,3629.97646
0.00748615081173,3629.20748
0.00750351159841,3628.4325
0.00752087238509,3627.66258
0.00753823317177,3626.8986
0.00755565382324,3626.1257
0.00757301460992,3625.35728
0.0075903753966,3624.59712
0.00760773618329,3623.82606
0.00762509696997,3623.06266
0.00764245775665,3622.29786
0.00765981854333,3621.53498
0.0076772391948,3620.76174
0.00769459998148,3619.99618
0.00771196076816,3619.23696
0.00772932155484,3618.4699
0.00774668234153,3617.70728
0.00776404312821,3616.94872
0.00778140391489,3616.18226
0.00779882456635,3615.41426
0.00781618535304,3614.64878
0.00783354613972,3613.87348
0.0078509069264,3613.10726
0.00786826771308,3612.3403
0.00788562849977,3611.57164
0.00790298928645,3610.80574
0.00792040993791,3610.03966
0.00793777072459,3609.27586
0.00795513151128,3608.51908
0.00797249229796,3607.75648
0.00798985308464,3606.99552
0.00800721387132,3606.2335
0.00802457465801,3605.4718
0.00804199530947,3604.70676
0.00805935609615,3603.94732
0.00807671688283,3603.18564
0.00809407766952,3602.4232
0.0081114384562,3601.65902
0.00812879924288,3600.8953
0.00814616002956,3600.13254
0.00816352081625,3599.37582
0.00818094146771,3598.61974
0.00819830225439,3597.86374
0.00821566304107,3597.10412
0.00823302382776,3596.34602
0.00825038461444,3595.58724
0.00826774540112,3594.82698
0.0082851061878,3594.07476
0.00830252683927,3593.3147
0.00831988762595,3592.55218
0.00833724841263,3591.79332
0.00835460919931,3591.03364
0.008371969986,3590.27508
0.00838933077268,3589.51798
0.00840669155936,3588.75528
0.00842411221083,3588.00116
0.00844147299751,3587.23922
0.00845883378419,3586.4848
0.00847619457087,3585.73154
0.00849355535755,3584.96938
0.00851091614424,3584.21574
0.00852827693092,3583.45126
0.00854569758238,3582.6951
0.00856305836907,3581.94064
0.00858041915575,3581.18662
0.00859777994243,3580.43304
0.00861514072911,3579.67506
0.00863250151579,3578.92284
0.00864986230248,3578.16834
0.00866728295394,3577.40414
0.00868464374062,3576.64506
0.00870200452731,3575.89346
0.00871936531399,3575.14026
0.00873672610067,3574.3861
0.00875408688735,3573.63598
0.00877144767403,3572.88156
0.0087888683255,3572.12562
0.00880622911218,3571.37586
0.00882358989886,3570.62618
0.00884095068555,3569.87282
0.00885831147223,3569.12372
0.00887567225891,3568.36568
0.00889303304559,3567.61292
0.00891045369706,3566.85516
0.00892781448374,3566.10544
0.00894517527042,3565.3607
0.0089625360571,3564.60886
0.00897989684379,3563.85292
0.00899725763047,3563.09736
0.00901461841715,3562.3528
0.00903203906861,3561.60142
0.0090493998553,3560.84656
0.00906676064198,3560.08968
0.00908412142866,3559.33718
0.00910148221534,3558.58678
0.00911884300203,3557.84416
0.00913620378871,3557.09752
0.00915356457539,3556.34924
0.00917098522685,3555.59888
0.00918834601354,3554.84718
0.00920570680022,3554.10184
0.0092230675869,3553.3549
0.00924042837358,3552.60838
0.00925778916027,3551.86552
0.00927514994695,3551.12172
0.00929257059841,3550.37208
0.00930993138509,3549.6286
0.00932729217178,3548.88514
0.00934465295846,3548.13716
0.00936201374514,3547.39096
0.00937937453182,3546.6402
0.00939673531851,3545.88892
0.00941415596997,3545.14912
0.00943151675665,3544.39852
0.00944887754333,3543.65766
0.00946623833002,3542.90824
0.0094835991167,3542.16102
0.00950095990338,3541.4201
0.00951832069006,3540.68246
0.00953574134153,3539.93988
0.00955310212821,3539.19236
0.00957046291489,3538.45482
0.00958782370157,3537.70962
0.00960518448826,3536.96786
0.00962254527494,3536.22542
0.00963990606162,3535.48066
0.00965732671309,3534.73254
0.00967468749977,3533.99606
0.00969204828645,3533.25232
0.00970940907313,3532.50882
0.00972676985981,3531.76414
0.0097441306465,3531.01648
0.00976149143318,3530.2754
0.00977891208464,3529.5331
0.00979627287133,3528.7997
0.00981363365801,3528.05444
0.00983099444469,3527.30656
0.00984835523137,3526.57
0.00986571601805,3525.82826
0.00988307680474,3525.08874
0.0099004974562,3524.3465
0.00991785824288,3523.6021
0.00993521902957,3522.86216
0.00995257981625,3522.12388
0.00996994060293,3521.3879
0.00998730138961,3520.65094
0.0100046621763,3519.9103
0.0100220828278,3519.17604
0.0100394436144,3518.43276
0.0100568044011,3517.6932
0.0100741651878,3516.95986
0.0100915259745,3516.20812
0.0101088867612,3515.46408
0.0101262475479,3514.72946
0.0101436083345,3513.9872
0.010161028986,3513.25212
0.0101783897727,3512.51086
0.0101957505594,3511.77366
0.010213111346,3511.03516
0.0102304721327,3510.299
0.0102478329194,3509.56228
0.0102651937061,3508.82876
0.0102826143576,3508.09458
0.0102999751442,3507.36102
0.0103173359309,3506.63328
0.0103346967176,3505.89938
0.0103520575043,3505.16028
0.010369418291,3504.42484
0.0103867790777,3503.68946
0.0104041997291,3502.95024
0.0104215605158,3502.20752
0.0104389213025,3501.4778
0.0104562820892,3500.75018
0.0104736428758,3500.0167
0.0104910036625,3499.28116
0.0105083644492,3498.54466
0.0105257851007,3497.80918
0.0105431458874,3497.07406
0.010560506674,3496.34036
0.0105778674607,3495.61492
0.0105952282474,3494.88282
0.0106125890341,3494.15914
0.0106299498208,3493.42736
0.0106473704722,3492.6927
0.0106647312589,3491.95728
0.0106820920456,3491.22254
0.0106994528323,3490.48922
0.010716813619,3489.7612
0.0107341744056,3489.02594
0.0107515351923,3488.29686
0.0107689558438,3487.55686
0.0107863166305,3486.82348
0.0108036774172,3486.09102
0.0108210382038,3485.35916
0.0108383989905,3484.6341
0.0108557597772,3483.91272
0.0108731205639,3483.1854
0.0108905412153,3482.45126
0.010907902002,3481.71964
0.0109252627887,3480.99896
0.0109426235754,3480.271
0.0109599843621,3479.53876
0.0109773451488,3478.81364
0.0109947059354,3478.09162
0.0110121265869,3477.36858
0.0110294873736,3476.64434
0.0110468481603,3475.9139
0.011064208947,3475.19364
0.0110815697336,3474.46264
0.0110989305203,3473.73728
0.011116291307,3473.0063
0.0111336520937,3472.2755
0.0111510727451,3471.54712
0.0111684335318,3470.81864
0.0111857943185,3470.09428
0.0112031551052,3469.36812
0.0112205158919,3468.64526
0.0112378766786,3467.92026
0.0112552374652,3467.1904
0.0112726581167,3466.46336
0.0112900189034,3465.73822
0.0113073796901,3465.01194
0.0113247404767,3464.28888
0.0113421012634,3463.56602
0.0113594620501,3462.84428
0.0113768228368,3462.11596
0.0113942434883,3461.39082
0.0114116042749,3460.6684
0.0114289650616,3459.9397
0.0114463258483,3459.2167
0.011463686635,3458.49356
0.0114810474217,3457.76816
0.0114984082084,3457.04062
0.0115158288598,3456.31126
0.0115331896465,3455.5995
0.0115505504332,3454.88864
0.0115679112199,3454.16174
0.0115852720065,3453.438
0.0116026327932,3452.71284
0.0116199935799,3451.99468
0.0116374142314,3451.27028
0.0116547750181,3450.5523
0.0116721358047,3449.83068
0.0116894965914,3449.1056
0.0117068573781,3448.3896
0.0117242181648,3447.66702
0.0117415789515,3446.93758
0.0117589996029,3446.2143
0.0117763603896,3445.48726
0.0117937211763,3444.7612
0.011811081963,3444.03906
0.0118284427497,3443.31992
0.0118458035363,3442.59828
0.011863164323,3441.87352
0.0118805849745,3441.14502
0.0118979457612,3440.41762
0.0119153065479,3439.69362
0.0119326673345,3438.97354
0.0119500281212,3438.25784
0.0119673889079,3437.54406
0.0119847496946,3436.82922
0.012002170346,3436.10118
0.0120195311327,3435.38568
0.0120368919194,3434.66916
0.0120542527061,3433.94834
0.0120716134928,3433.22614
0.0120889742795,3432.5062
0.0121063350661,3431.78572
0.0121236958528,3431.06948
0.0121411165043,3430.35222
0.012158477291,3429.63906
0.0121758380777,3428.92108
0.0121931988643,3428.20824
0.012210559651,3427.49314
0.0122279204377,3426.77878
0.0122452812244,3426.05918
0.0122627018758,3425.33848
0.0122800626625,3424.62416
0.0122974234492,3423.91194
0.0123147842359,3423.19826
0.0123321450226,3422.47896
0.0123495058093,3421.76802
0.0123668665959,3421.05898
0.0123842872474,3420.34068
0.0124016480341,3419.63016
0.0124190088208,3418.92238
0.0124363696075,3418.20612
0.0124537303941,3417.49672
0.0124710911808,3416.789
0.0124884519675,3416.07682
0.012505872619,3415.36004
0.0125232334056,3414.65276
0.0125405941923,3413.9383
0.012557954979,3413.22476
0.0125753157657,3412.51662
0.0125926765524,3411.79954
0.0126100373391,3411.08164
0.0126274579905,3410.37412
0.0126448187772,3409.6602
0.0126621795639,3408.9497
0.0126795403506,3408.23178
0.0126969011372,3407.5196
0.0127142619239,3406.81074
0.0127316227106,3406.10086
0.0127490433621,3405.38658
0.0127664041488,3404.68204
0.0127837649354,3403.96864
0.0128011257221,3403.25582
0.0128184865088,3402.54722
0.0128358472955,3401.8365
0.0128532080822,3401.1242
0.0128706287336,3400.41628
0.0128879895203,3399.7016
0.012905350307,3398.99306
0.0129227110937,3398.2752
0.0129400718804,3397.56758
0.012957432667,3396.85432
0.0129747934537,3396.15122
0.0129922141052,3395.44014
0.0130095748919,3394.73828
0.0130269356786,3394.02906
0.0130442964652,3393.31838
0.0130616572519,3392.6075
0.0130790180386,3391.89722
0.0130963788253,3391.1844
0.013113739612,3390.47178
0.0131311602634,3389.76874
0.0131485210501,3389.06008
0.0131658818368,3388.356
0.0131832426235,3387.6565
0.0132006034102,3386.9516
0.0132179641968,3386.2481
0.0132353249835,3385.54134
0.013252745635,3384.83
0.0132701064217,3384.11978
0.0132874672084,3383.41926
0.013304827995,3382.71464
0.0133221887817,3382.01078
0.0133395495684,3381.30488
0.0133569103551,3380.60036
0.0133743310065,3379.89062
0.0133916917932,3379.18398
0.0134090525799,3378.4771
0.0134264133666,3377.77676
0.0134437741533,3377.06694
0.01346113494,3376.36788
0.0134784957266,3375.67426
0.0134959163781,3374.9674
0.0135132771648,3374.26982
0.0135306379515,3373.5681
0.0135479987382,3372.86962
0.0135653595248,3372.16028
0.0135827203115,3371.45524
0.0136000810982,3370.75056
0.0136175017497,3370.0365
0.0136348625363,3369.3376
0.013652223323,3368.63688
0.0136695841097,3367.92972
0.0136869448964,3367.22718
0.0137043056831,3366.52908
0.0137216664698,3365.8329
0.0137390871212,3365.13152
0.0137564479079,3364.43116
0.0137738086946,3363.72746
0.0137911694813,3363.02522
0.013808530268,3362.33426
0.0138258910546,3361.63402
0.0138432518413,3360.93188
0.0138606724928,3360.2319
0.0138780332795,3359.53134
0.0138953940661,3358.83716
0.0139127548528,3358.13776
0.0139301156395,3357.43754
0.0139474764262,3356.74082
0.0139648372129,3356.04346
0.0139822578643,3355.34322
0.013999618651,3354.64592
0.0140169794377,3353.94794
0.0140343402244,3353.24952
0.0140517010111,3352.54962
0.0140690617977,3351.84716
0.0140864225844,3351.15662
0.0141037833711,3350.45852
0.0141212040226,3349.76226
0.0141385648093,3349.07178
0.0141559255959,3348.37578
0.0141732863826,3347.68198
0.0141906471693,3346.98664
0.014208007956,3346.28586
0.0142253687427,3345.58698
0.0142427893941,3344.88746
0.0142601501808,3344.19562
0.0142775109675,3343.50394
0.0142948717542,3342.806
0.0143122325409,3342.104
0.0143295933275,3341.4118
0.0143469541142,3340.71262
0.0143643747657,3340.01052
0.0143817355524,3339.31516
0.0143990963391,3338.62506
0.0144164571257,3337.92688
0.0144338179124,3337.23004
0.0144511786991,3336.53408
0.0144685394858,3335.84106
0.0144859601373,3335.1432
0.0145033209239,3334.44618
0.0145206817106,3333.75324
0.0145380424973,3333.06178
0.014555403284,3332.3648
0.0145727640707,3331.67226
0.0145901248573,3330.98118
0.0146075455088,3330.29006
0.0146249062955,3329.5953
0.0146422670822,3328.89862
0.0146596278689,3328.20718
0.0146769886555,3327.51572
0.0146943494422,3326.82538
0.0147117102289,3326.13884
0.0147291308804,3325.44616
0.014746491667,3324.7563
0.0147638524537,3324.0662
0.0147812132404,3323.37434
0.0147985740271,3322.68572
0.0148159348138,3321.99838
0.0148332956005,3321.3044
0.0148507162519,3320.6119
0.0148680770386,3319.9216
0.0148854378253,3319.23226
0.014902798612,3318.54074
0.0149201593987,3317.8472
0.0149375201853,3317.15564
0.014954880972,3316.47076
0.0149723016235,3315.77198
0.0149896624102,3315.0789
0.0150070231968,3314.39126
0.0150243839835,3313.7035
0.0150417447702,3313.0207
0.0150591055569,3312.3322
0.0150764663436,3311.64914
0.0150938271303,3310.95858
0.0151112477817,3310.26296
0.0151286085684,3309.57828
0.0151459693551,3308.89374
0.0151633301418,3308.20786
0.0151806909285,3307.51742
0.0151980517151,3306.83034
0.0152154125018,3306.14256
0.0152328331533,3305.45328
0.01525019394,3304.76762
0.0152675547266,3304.08598
0.0152849155133,3303.39574
0.0153022763,3302.7083
0.0153196370867,3302.01576
0.0153369978734,3301.32442
0.0153544185248,3300.64002
0.0153717793115,3299.95588
0.0153891400982,3299.26902
0.0154065008849,3298.58206
0.0154238616716,3297.89934
0.0154412224582,3297.2209
0.0154585832449,3296.53162
0.0154760038964,3295.8441
0.0154933646831,3295.15278
0.0155107254698,3294.47156
0.0155280862564,3293.78414
0.0155454470431,3293.09228
0.0155628078298,3292.41168
0.0155801686165,3291.72598
0.015597589268,3291.042
0.0156149500546,3290.35564
0.0156323108413,3289.6683
0.015649671628,3288.98988
0.0156670324147,3288.312
0.0156843932014,3287.63286
0.015701753988,3286.95192
0.0157191746395,3286.27124
0.0157365354262,3285.5881
0.0157538962129,3284.8999
0.0157712569996,3284.21244
0.0157886177862,3283.53008
0.0158059785729,3282.84612
0.0158233393596,3282.1674
0.0158407600111,3281.48172
0.0158581207978,3280.79958
0.0158754815844,3280.11836
0.0158928423711,3279.43168
0.0159102031578,3278.74634
0.0159275639445,3278.05894
0.0159449247312,3277.37302
0.0159623453826,3276.69084
0.0159797061693,3276.01272
0.015997066956,3275.32844
0.0160144277427,3274.64536
0.0160317885294,3273.96572
0.016049149316,3273.28296
0.0160665101027,3272.60662
0.0160839307542,3271.9241
0.0161012915409,3271.24334
0.0161186523275,3270.56322
0.0161360131142,3269.88538
0.0161533739009,3269.2014
0.0161707346876,3268.52052
0.0161880954743,3267.83788
0.016205456261,3267.1634
0.0162228769124,3266.48508
0.0162402376991,3265.80398
0.0162575984858,3265.12448
0.0162749592725,3264.45594
0.0162923200592,3263.77336
0.0163096808458,3263.09352
0.0163270416325,3262.42042
0.016344462284,3261.74534
0.0163618230707,3261.07096
0.0163791838573,3260.3958
0.016396544644,3259.72472
0.0164139054307,3259.04368
0.0164312662174,3258.36426
0.0164486270041,3257.6901
0.0164660476555,3257.00922
0.0164834084422,3256.33652
0.0165007692289,3255.6548
0.0165181300156,3254.97434
0.0165354908023,3254.29414
0.016552851589,3253.6118
0.0165702123756,3252.93826
0.0165876330271,3252.25826
0.0166049938138,3251.5835
0.0166223546005,3250.90396
0.0166397153871,3250.22908
0.0166570761738,3249.55358
0.0166744369605,3248.87838
0.0166917977472,3248.1944
0.0167092183987,3247.51982
0.0167265791853,3246.84864
0.016743939972,3246.17224
0.0167613007587,3245.49152
0.0167786615454,3244.81704
0.0167960223321,3244.1408
0.0168133831187,3243.47094
0.0168308037702,3242.79422
0.0168481645569,3242.12352
0.0168655253436,3241.4442
0.0168828861303,3240.7733
0.0169002469169,3240.09794
0.0169176077036,3239.42518
0.0169349684903,3238.75392
0.0169523891418,3238.0812
0.0169697499285,3237.40974
0.0169871107151,3236.73202
0.0170044715018,3236.05974
0.0170218322885,3235.38912
0.0170391930752,3234.7116
0.0170565538619,3234.04022
0.0170739745133,3233.37494
0.0170913353,3232.70604
0.0171086960867,3232.03744
0.0171260568734,3231.36596
0.0171434176601,3230.6928
0.0171607784467,3230.0213
0.0171781392334,3229.34714
0.0171955000201,3228.68428
0.0172129206716,3228.01712
0.0172302814583,3227.3458
0.0172476422449,3226.6737
0.0172650030316,3226.00022
0.0172823638183,3225.33122
0.017299724605,3224.66684
0.0173170853917,3223.99684
0.0173345060431,3223.33082
0.0173518668298,3222.66028
0.0173692276165,3221.99102
0.0173865884032,3221.31938
0.0174039491899,3220.64926
0.0174213099765,3219.98666
0.0174386707632,3219.32344
0.0174560914147,3218.64858
0.0174734522014,3217.98618
0.017490812988,3217.31858
0.0175081737747,3216.64554
0.0175255345614,3215.97902
0.0175428953481,3215.31486
0.0175602561348,3214.65158
0.0175776767862,3213.98038
0.0175950375729,3213.3133
0.0176123983596,3212.64754
0.0176297591463,3211.98014
0.017647119933,3211.3124
0.0176644807197,3210.6413
0.0176818415063,3209.97726
0.0176992621578,3209.31102
0.0177166229445,3208.64496
0.0177339837312,3207.98232
0.0177513445178,3207.31794
0.0177687053045,3206.6532
0.0177860660912,3205.99218
0.0178034268779,3205.33098
0.0178208475294,3204.66396
0.017838208316,3203.99882
0.0178555691027,3203.33278
0.0178729298894,3202.66698
0.0178902906761,3202.00406
0.0179076514628,3201.33838
0.0179250122495,3200.67862
0.0179424329009,3200.0173
0.0179597936876,3199.35982
0.0179771544743,3198.69768
0.017994515261,3198.03168
0.0180118760476,3197.36622
0.0180292368343,3196.7079
0.018046597621,3196.0452
0.0180640182725,3195.38142
0.0180813790592,3194.71568
0.0180987398458,3194.05882
0.0181161006325,3193.39398
0.0181334614192,3192.7336
0.0181508222059,3192.06808
0.0181681829926,3191.40232
0.0181855437792,3190.74464
0.0182029644307,3190.07798
0.0182203252174,3189.4191
0.0182376860041,3188.7596
0.0182550467908,3188.09834
0.0182724075774,3187.44064
0.0182897683641,3186.78164
0.0183071291508,3186.12038
0.0183245498023,3185.46034
0.018341910589,3184.79718
0.0183592713756,3184.14256
0.0183766321623,3183.48202
0.018393992949,3182.8207
0.0184113537357,3182.15982
0.0184287145224,3181.50584
0.0184461351738,3180.83272
0.0184634959605,3180.17646
0.0184808567472,3179.52322
0.0184982175339,3178.85984
0.0185155783206,3178.20238
0.0185329391072,3177.5413
0.0185502998939,3176.8848
0.0185677205454,3176.22748
0.0185850813321,3175.56778
0.0186024421188,3174.91994
0.0186198029054,3174.25954
0.0186371636921,3173.60436
0.0186545244788,3172.94766
0.0186718852655,3172.28548
0.0186893059169,3171.62562
0.0187066667036,3170.97036
0.0187240274903,3170.31374
0.018741388277,3169.65396
0.0187587490637,3169.0014
0.0187761098504,3168.34816
0.018793470637,3167.6932
0.0188108912885,3167.03582
0.0188282520752,3166.37734
0.0188456128619,3165.72086
0.0188629736485,3165.06124
0.0188803344352,3164.40352
0.0188976952219,3163.7517
0.0189150560086,3163.10328
0.0189324766601,3162.4493
0.0189498374467,3161.79028
0.0189671982334,3161.13974
0.0189845590201,3160.48394
0.0190019198068,3159.8332
0.0190192805935,3159.18328
0.0190366413802,3158.53558
0.0190540620316,3157.88308
0.0190714228183,3157.23278
0.019088783605,3156.57104
0.0191061443917,3155.9204
0.0191235051783,3155.27078
0.019140865965,3154.61748
0.0191582267517,3153.96422
0.0191755875384,3153.30796
0.0191930081899,3152.65768
0.0192103689765,3152.00414
0.0192277297632,3151.3481
0.0192450905499,3150.69254
0.0192624513366,3150.0442
0.0192798121233,3149.39714
0.01929717291,3148.74152
0.0193145935614,3148.0849
0.0193319543481,3147.43402
0.0193493151348,3146.78824
0.0193666759215,3146.13844
0.0193840367081,3145.48846
0.0194013974948,3144.83656
0.0194187582815,3144.18492
0.019436178933,3143.53366
0.0194535397197,3142.8823
0.0194709005063,3142.23176
0.019488261293,3141.58184
0.0195056220797,3140.9318
0.0195229828664,3140.28518
0.0195403436531,3139.63356
0.0195577643045,3138.98514
0.0195751250912,3138.3392
0.0195924858779,3137.68172
0.0196098466646,3137.03458
0.0196272074513,3136.38064
0.0196445682379,3135.7357
0.0196619290246,3135.0824
0.0196793496761,3134.43414
0.0196967104628,3133.78948
0.0197140712495,3133.14244
0.0197314320361,3132.49308
0.0197487928228,3131.84756
0.0197661536095,3131.1949
0.0197835143962,3130.54768
0.0198009350476,3129.90298
0.0198182958343,3129.25094
0.019835656621,3128.60196
0.0198530174077,3127.95602
0.0198703781944,3127.3086
0.0198877389811,3126.662
0.0199050997677,3126.00954
0.0199225204192,3125.35918
0.0199398812059,3124.70554
0.0199572419926,3124.0557
0.0199746027793,3123.4172
0.0199919635659,3122.77154
0.0200093243526,3122.12848
0.0200266851393,3121.47772
0.0200441057908,3120.83002
0.0200614665774,3120.1847
0.0200788273641,3119.53652
0.0200961881508,3118.8863
0.0201135489375,3118.24228
0.0201309097242,3117.5944
0.0201482705109,3116.95432
0.0201656312975,3116.30822
0.020183051949,3115.65334
0.0202004127357,3115.00444
0.0202177735224,3114.35676
0.020235134309,3113.71376
0.0202524950957,3113.07176
0.0202698558824,3112.42218
0.0202872166691,3111.7802
0.0203046373206,3111.13382
0.0203219981072,3110.48882
0.0203393588939,3109.84432
0.0203567196806,3109.19806
0.0203740804673,3108.5531
0.020391441254,3107.9059
0.0204088020407,3107.26082
0.0204262226921,3106.61888
0.0204435834788,3105.97888
0.0204609442655,3105.33094
0.0204783050522,3104.68936
0.0204956658388,3104.0442
0.0205130266255,3103.40558
0.0205303874122,3102.76582
0.0205478080637,3102.12978
0.0205651688504,3101.48956
0.020582529637,3100.84724
0.0205998904237,3100.2106
0.0206172512104,3099.56982
0.0206346119971,3098.93012
0.0206519727838,3098.28786
0.0206693934352,3097.64648
0.0206867542219,3097.00752
0.0207041150086,3096.3673
0.0207214757953,3095.73458
0.020738836582,3095.09494
0.0207561973686,3094.45516
0.0207735581553,3093.81378
0.0207909788068,3093.17344
0.0208083395935,3092.53322
0.0208257003802,3091.9021
0.0208430611668,3091.2653
0.0208604219535,3090.6191
0.0208777827402,3089.9795
0.0208951435269,3089.33994
0.0209125641783,3088.70006
0.020929924965,3088.06356
0.0209472857517,3087.4209
0.0209646465384,3086.78416
0.0209820073251,3086.14662
0.0209993681118,3085.50914
0.0210167288984,3084.86822
0.0210341495499,3084.22552
0.0210515103366,3083.58576
0.0210688711233,3082.94588
0.02108623191,3082.31524
0.0211035926966,3081.67752
0.0211209534833,3081.04058
0.02113831427,3080.41246
0.0211556750567,3079.77408
0.0211730957081,3079.13588
0.0211904564948,3078.49802
0.0212078172815,3077.85822
0.0212251780682,3077.22144
0.0212425388549,3076.5881
0.0212598996416,3075.94616
0.0212772604282,3075.31334
0.0212946810797,3074.6787
0.0213120418664,3074.04414
0.0213294026531,3073.40776
0.0213467634398,3072.7778
0.0213641242264,3072.14814
0.0213814850131,3071.52208
0.0213988457998,3070.88856
0.0214162664513,3070.25912
0.0214336272379,3069.62568
0.0214509880246,3068.9959
0.0214683488113,3068.36436
0.021485709598,3067.7368
0.0215030703847,3067.10714
0.0215204311714,3066.47246
0.0215378518228,3065.8331
0.0215552126095,3065.19766
0.0215725733962,3064.56422
0.0215899341829,3063.92884
0.0216072949695,3063.29702
0.0216246557562,3062.65426
0.0216420165429,3062.0151
0.0216594371944,3061.38032
0.0216767979811,3060.75128
0.0216941587677,3060.1201
0.0217115195544,3059.49072
0.0217288803411,3058.86354
0.0217462411278,3058.2332
0.0217636019145,3057.59984
0.0217810225659,3056.967
0.0217983833526,3056.33592
0.0218157441393,3055.71182
0.021833104926,3055.08024
0.0218504657127,3054.44644
0.0218678264993,3053.81914
0.021885187286,3053.18864
0.0219026079375,3052.55438
0.0219199687242,3051.92356
0.0219373295109,3051.2928
0.0219546902975,3050.66172
0.0219720510842,3050.03012
0.0219894118709,3049.40376
0.0220067726576,3048.76602
0.0220241933091,3048.13712
0.0220415540957,3047.50764
0.0220589148824,3046.87376
0.0220762756691,3046.23726
0.0220936364558,3045.6122
0.0221109972425,3044.9857
0.0221283580291,3044.358
0.0221457188158,3043.73124
0.0221631394673,3043.10144
0.022180500254,3042.47224
0.0221978610407,3041.84502
0.0222152218273,3041.21134
0.022232582614,3040.57742
0.0222499434007,3039.95398
0.0222673041874,3039.3211
0.0222847248388,3038.68892
0.0223020856255,3038.06158
0.0223194464122,3037.43038
0.0223368071989,3036.80672
0.0223541679856,3036.17806
0.0223715287723,3035.55812
0.0223888895589,3034.92936
0.0224063102104,3034.30194
0.0224236709971,3033.67178
0.0224410317838,3033.04072
0.0224583925705,3032.41368
0.0224757533571,3031.79404
0.0224931141438,3031.16954
0.0225104749305,3030.54786
0.022527895582,3029.91832
0.0225452563686,3029.29606
0.0225626171553,3028.66904
0.022579977942,3028.0518
0.0225973387287,3027.42614
0.0226146995154,3026.8002
0.0226320603021,3026.1773
0.0226494809535,3025.55526
0.0226668417402,3024.9355
0.0226842025269,3024.31494
0.0227015633136,3023.691
0.0227189241003,3023.06148
0.0227362848869,3022.43778
0.0227536456736,3021.8194
0.0227710663251,3021.19814
0.0227884271118,3020.5778
0.0228057878984,3019.95594
0.0228231486851,3019.33638
0.0228405094718,3018.71752
0.0228578702585,3018.09844
0.0228752310452,3017.47182
0.0228926516966,3016.8443
0.0229100124833,3016.22572
0.02292737327,3015.60034
0.0229447340567,3014.97952
0.0229620948434,3014.35286
0.0229794556301,3013.72946
0.0229968164167,3013.11002
0.0230142370682,3012.49024
0.0230315978549,3011.8668
0.0230489586416,3011.24794
0.0230663194282,3010.63108
0.0230836802149,3010.00902
0.0231010410016,3009.38164
0.0231184017883,3008.75868
0.023135762575,3008.14052
0.0231531832264,3007.52
0.0231705440131,3006.9005
0.0231879047998,3006.27866
0.0232052655865,3005.65948
0.0232226263732,3005.04068
0.0232399871598,3004.41528
0.0232573479465,3003.80068
0.023274768598,3003.17962
0.0232921293847,3002.56498
0.0233094901714,3001.9434
0.023326850958,3001.32678
0.0233442117447,3000.70684
0.0233615725314,3000.09766
0.0233789333181,2999.47978
0.0233963539696,2998.8523
0.0234137147562,2998.2379
0.0234310755429,2997.62078
0.0234484363296,2997.00554
0.0234657971163,2996.39414
0.023483157903,2995.77402
0.0235005186896,2995.1528
0.0235179393411,2994.5341
0.0235353001278,2993.92132
0.0235526609145,2993.30266
0.0235700217012,2992.68498
0.0235873824878,2992.07152
0.0236047432745,2991.45686
0.0236221040612,2990.83898
0.0236395247127,2990.22462
0.0236568854993,2989.60912
0.023674246286,2988.99578
0.0236916070727,2988.37786
0.0237089678594,2987.7625
0.0237263286461,2987.15
0.0237436894328,2986.5379
0.0237611100842,2985.92112
0.0237784708709,2985.30462
0.0237958316576,2984.68618
0.0238131924443,2984.0707
0.023830553231,2983.4539
0.0238479140176,2982.83446
0.0238652748043,2982.2201
0.0238826954558,2981.60268
0.0239000562425,2980.9881
0.0239174170291,2980.37612
0.0239347778158,2979.761
0.0239521386025,2979.1519
0.0239694993892,2978.54
0.0239868601759,2977.9304
0.0240042808273,2977.31018
0.024021641614,2976.70022
0.0240390024007,2976.0853
0.0240563631874,2975.47428
0.0240737239741,2974.86154
0.0240910847608,2974.25046
0.0241084455474,2973.62872
0.0241258661989,2973.01234
0.0241432269856,2972.39776
0.0241605877723,2971.78746
0.0241779485589,2971.17374
0.0241953093456,2970.55974
0.0242126701323,2969.94934
0.024230030919,2969.33344
0.0242473917057,2968.72812
0.0242648123571,2968.1087
0.0242821731438,2967.49244
0.0242995339305,2966.87638
0.0243168947172,2966.26308
0.0243342555039,2965.64488
0.0243516162906,2965.02774
0.0243689770772,2964.41422
0.0243863977287,2963.80448
0.0244037585154,2963.19766
0.0244211193021,2962.58616
0.0244384800887,2961.9861
0.0244558408754,2961.37882
0.0244732016621,2960.77024
0.0244905624488,2960.15854
0.0245079831003,2959.5453
0.0245253438869,2958.93528
0.0245427046736,2958.32264
0.0245600654603,2957.71148
0.024577426247,2957.1016
0.0245947870337,2956.48612
0.0246121478203,2955.87416
0.0246295684718,2955.25434
0.0246469292585,2954.64318
0.0246642900452,2954.02922
0.0246816508319,2953.42098
0.0246990116185,2952.81386
0.0247163724052,2952.20942
0.0247337331919,2951.60164
0.0247511538434,2950.98498
0.0247685146301,2950.37794
0.0247858754167,2949.77174
0.0248032362034,2949.1598
0.0248205969901,2948.55668
0.0248379577768,2947.95096
0.0248553185635,2947.3481
0.0248727392149,2946.73564
0.0248901000016,2946.12368
0.0249074607883,2945.51834
0.024924821575,2944.90274
0.0249421823617,2944.2985
0.0249595431483,2943.68654
0.024976903935,2943.08762
0.0249943245865,2942.47932
0.0250116853732,2941.87176
0.0250290461599,2941.26376
0.0250464069465,2940.65892
0.0250637677332,2940.05302
0.0250811285199,2939.44388
0.0250984893066,2938.84276
0.025115909958,2938.23558
0.0251332707447,2937.63036
0.0251506315314,2937.02764
0.0251679923181,2936.42738
0.0251853531048,2935.82066
0.0252027138915,2935.21324
0.0252200746781,2934.61318
0.0252374354648,2934.0052
0.0252548561163,2933.40714
0.025272216903,2932.80046
0.0252895776896,2932.19668
0.0253069384763,2931.59184
0.025324299263,2930.98888
0.0253416600497,2930.38328
0.0253590208364,2929.78248
0.0253764414878,2929.17762
0.0253938022745,2928.57906
0.0254111630612,2927.97696
0.0254285238479,2927.3674
0.0254458846346,2926.76534
0.0254632454213,2926.16288
0.0254806062079,2925.56156
0.0254980268594,2924.95334
0.0255153876461,2924.35114
0.0255327484328,2923.75442
0.0255501092194,2923.15354
0.0255674700061,2922.55408
0.0255848307928,2921.9481
0.0256021915795,2921.3449
0.025619612231,2920.74348
0.0256369730176,2920.14348
0.0256543338043,2919.5377
0.025671694591,2918.9303
0.0256890553777,2918.3266
0.0257064161644,2917.72594
0.0257237769511,2917.12696
0.0257411976025,2916.52318
0.0257585583892,2915.9181
0.0257759191759,2915.31902
0.0257932799626,2914.72266
0.0258106407492,2914.12192
0.0258280015359,2913.52396
0.0258453623226,2912.92444
0.0258627829741,2912.32318
0.0258801437608,2911.726
0.0258975045474,2911.13102
0.0259148653341,2910.52938
0.0259322261208,2909.92806
0.0259495869075,2909.33398
0.0259669476942,2908.73742
0.0259843683456,2908.13748
0.0260017291323,2907.54204
0.026019089919,2906.94186
0.0260364507057,2906.33942
0.0260538114924,2905.74006
0.026071172279,2905.14338
0.0260885330657,2904.54672
0.0261059537172,2903.95102
0.0261233145039,2903.35324
0.0261406752906,2902.75622
0.0261580360772,2902.15866
0.0261753968639,2901.5638
0.0261927576506,2900.9684
0.0262101184373,2900.36952
0.026227479224,2899.77362
0.0262448998754,2899.1712
0.0262622606621,2898.57298
0.0262796214488,2897.97912
0.0262969822355,2897.38178
0.0263143430222,2896.78658
0.0263317038088,2896.19606
0.0263490645955,2895.60054
0.026366485247,2895.00358
0.0263838460337,2894.4081
0.0264012068204,2893.8126
0.026418567607,2893.2156
0.0264359283937,2892.6194
0.0264532891804,2892.0262
0.0264706499671,2891.43544
0.0264880706185,2890.84138
0.0265054314052,2890.24452
0.0265227921919,2889.64936
0.0265401529786,2889.05746
0.0265575137653,2888.46644
0.026574874552,2887.87582
0.0265922353386,2887.28144
0.0266096559901,2886.6868
0.0266270167768,2886.09616
0.0266443775635,2885.503
0.0266617383501,2884.91106
0.0266790991368,2884.31986
0.0266964599235,2883.71968
0.0267138207102,2883.12638
0.0267312413617,2882.53102
0.0267486021483,2881.93768
0.026765962935,2881.3485
0.0267833237217,2880.75564
0.0268006845084,2880.16422
0.0268180452951,2879.56736
0.0268354060818,2878.97196
0.0268528267332,2878.37634
0.0268701875199,2877.7812
0.0268875483066,2877.19278
0.0269049090933,2876.598
0.0269222698799,2876.00472
0.0269396306666,2875.4139
0.0269569914533,2874.82538
0.0269744121048,2874.23164
0.0269917728915,2873.63418
0.0270091336781,2873.04204
0.0270264944648,2872.44804
0.0270438552515,2871.85514
0.0270612160382,2871.2641
0.0270785768249,2870.6788
0.0270959974763,2870.09218
0.027113358263,2869.49706
0.0271307190497,2868.90494
0.0271480798364,2868.31282
0.0271654406231,2867.73206
0.0271828014097,2867.14136
0.0272001621964,2866.55144
0.0272175229831,2865.96538
0.0272349436346,2865.3709
0.0272523044213,2864.78278
0.0272696652079,2864.19332
0.0272870259946,2863.60864
0.0273043867813,2863.02384
0.027321747568,2862.43882
0.0273391083547,2861.8479
0.0273565290061,2861.25704
0.0273738897928,2860.66654
0.0273912505795,2860.07988
0.0274086113662,2859.49358
0.0274259721529,2858.89904
0.0274433329395,2858.3137
0.0274606937262,2857.72146
0.0274781143777,2857.13196
0.0274954751644,2856.5416
0.0275128359511,2855.95168
0.0275301967377,2855.36448
0.0275475575244,2854.77864
0.0275649183111,2854.1948
0.0275822790978,2853.6008
0.0275996997492,2853.0104
0.0276170605359,2852.4262
0.0276344213226,2851.8316
0.0276517821093,2851.25154
0.027669142896,2850.6656
0.0276865036827,2850.07308
0.0277038644693,2849.48628
0.0277212851208,2848.90174
0.0277386459075,2848.3181
0.0277560066942,2847.73078
0.0277733674809,2847.15076
0.0277907282675,2846.56962
0.0278080890542,2845.98436
0.0278254498409,2845.38846
0.0278428704924,2844.80274
0.027860231279,2844.21686
0.0278775920657,2843.62916
0.0278949528524,2843.04102
0.0279123136391,2842.45664
0.0279296744258,2841.87382
0.0279470352125,2841.2874
0.0279644558639,2840.70036
0.0279818166506,2840.11506
0.0279991774373,2839.5315
0.028016538224,2838.94738
0.0280338990106,2838.36298
0.0280512597973,2837.7787
0.028068620584,2837.19596
0.0280860412355,2836.61198
0.0281034020222,2836.02308
0.0281207628088,2835.44114
0.0281381235955,2834.85982
0.0281554843822,2834.2737
0.0281728451689,2833.68996
0.0281902059556,2833.10996
0.0282075667423,2832.52318
0.0282249873937,2831.93342
0.0282423481804,2831.35412
0.0282597089671,2830.77278
0.0282770697538,2830.1951
0.0282944305404,2829.61962
0.0283117913271,2829.03754
0.0283291521138,2828.4532
0.0283465727653,2827.86974
0.028363933552,2827.29518
0.0283812943386,2826.71232
0.0283986551253,2826.13256
0.028416015912,2825.55384
0.0284333766987,2824.97012
0.0284507374854,2824.38894
0.0284681581368,2823.8057
0.0284855189235,2823.22722
0.0285028797102,2822.64792
0.0285202404969,2822.06472
0.0285376012836,2821.48312
0.0285549620702,2820.90452
0.0285723228569,2820.32696
0.0285897435084,2819.74122
0.0286071042951,2819.16488
0.0286244650818,2818.58824
0.0286418258684,2818.00596
0.0286591866551,2817.4265
0.0286765474418,2816.8548
0.0286939082285,2816.27388
0.0287113288799,2815.69208
0.0287286896666,2815.11724
0.0287460504533,2814.53618
0.02876341124,2813.95864
0.0287807720267,2813.37732
0.0287981328134,2812.79674
0.0288154936,2812.21488
0.0288329142515,2811.63982
0.0288502750382,2811.05852
0.0288676358249,2810.48346
0.0288849966116,2809.9048
0.0289023573982,2809.32802
0.0289197181849,2808.74872
0.0289370789716,2808.17194
0.0289544996231,2807.59194
0.0289718604097,2807.01934
0.0289892211964,2806.4379
0.0290065819831,2805.86056
0.0290239427698,2805.28614
0.0290413035565,2804.70778
0.0290586643432,2804.13776
0.0290760849946,2803.55728
0.0290934457813,2802.98238
0.029110806568,2802.40644
0.0291281673547,2801.8309
0.0291455281414,2801.25266
0.029162888928,2800.67738
0.0291802497147,2800.1018
0.0291976105014,2799.52738
0.0292150311529,2798.95206
0.0292323919395,2798.37698
0.0292497527262,2797.803
0.0292671135129,2797.22552
0.0292844742996,2796.6547
0.0293018350863,2796.07816
0.029319195873,2795.50028
0.0293366165244,2794.9272
0.0293539773111,2794.3526
0.0293713380978,2793.77654
0.0293886988845,2793.20416
0.0294060596711,2792.63082
0.0294234204578,2792.05562
0.0294407812445,2791.47972
0.029458201896,2790.89636
0.0294755626827,2790.32046
0.0294929234693,2789.7475
0.029510284256,2789.17494
0.0295276450427,2788.6023
0.0295450058294,2788.02758
0.0295623666161,2787.46004
0.0295797872675,2786.88402
0.0295971480542,2786.31038
0.0296145088409,2785.73828
0.0296318696276,2785.16624
0.0296492304143,2784.59988
0.0296665912009,2784.03108
0.0296839519876,2783.45958
0.0297013726391,2782.8916
0.0297187334258,2782.31778
0.0297360942125,2781.74658
0.0297534549991,2781.17748
0.0297708157858,2780.60956
0.0297881765725,2780.03744
0.0298055373592,2779.46302
0.0298229580107,2778.89136
0.0298403187973,2778.32056
0.029857679584,2777.74754
0.0298750403707,2777.1777
0.0298924011574,2776.6051
0.0299097619441,2776.03184
0.0299271227307,2775.4664
0.0299445433822,2774.897
0.0299619041689,2774.32014
0.0299792649556,2773.75378
0.0299966257423,2773.1841
0.0300139865289,2772.62024
0.0300313473156,2772.04822
0.0300487081023,2771.4794
0.0300661287538,2770.91428
0.0300834895404,2770.3413
0.0301008503271,2769.773
0.0301182111138,2769.19792
0.0301355719005,2768.63692
0.0301529326872,2768.06916
0.0301702934739,2767.49978
0.0301876542605,2766.93812
0.030205074912,2766.36514
0.0302224356987,2765.79646
0.0302397964854,2765.22642
0.0302571572721,2764.65614
0.0302745180587,2764.08464
0.0302918788454,2763.51302
0.0303092396321,2762.94626
0.0303266602836,2762.3809
0.0303440210702,2761.81518
0.0303613818569,2761.2523
0.0303787426436,2760.69012
0.0303961034303,2760.12386
0.030413464217,2759.56098
0.0304308250037,2758.9953
0.0304482456551,2758.42284
0.0304656064418,2757.85968
0.0304829672285,2757.29024
0.0305003280152,2756.72416
0.0305176888019,2756.15744
0.0305350495885,2755.58736
0.0305524103752,2755.0235
0.0305698310267,2754.45328
0.0305871918134,2753.88434
0.0306045526,2753.31698
0.0306219133867,2752.74766
0.0306392741734,2752.18478
0.0306566349601,2751.62294
0.0306739957468,2751.05774
0.0306914163982,2750.48828
0.0307087771849,2749.92456
0.0307261379716,2749.35464
0.0307434987583,2748.78564
0.030760859545,2748.22224
0.0307782203316,2747.65904
0.0307955811183,2747.0947
0.0308130017698,2746.52516
0.0308303625565,2745.95784
0.0308477233432,2745.39616
0.0308650841298,2744.83008
0.0308824449165,2744.2685
0.0308998057032,2743.70386
0.0309171664899,2743.13706
0.0309345871414,2742.57412
0.030951947928,2742.01366
0.0309693087147,2741.45236
0.0309866695014,2740.89614
0.0310040302881,2740.33
0.0310213910748,2739.77378
0.0310387518614,2739.21482
0.0310561725129,2738.64914
0.0310735332996,2738.08556
0.0310908940863,2737.52552
0.031108254873,2736.96588
0.0311256156596,2736.40302
0.0311429764463,2735.8402
0.031160337233,2735.27634
0.0311776980197,2734.71614
0.0311951186712,2734.15958
0.0312124794578,2733.60012
0.0312298402445,2733.04032
0.0312472010312,2732.47388
0.0312645618179,2731.90824
0.0312819226046,2731.34868
0.0312992833912,2730.78922
0.0313167040427,2730.22632
0.0313340648294,2729.6685
0.0313514256161,2729.1135
0.0313687864027,2728.5506
0.0313861471894,2727.99706
0.0314035079761,2727.44468
0.0314208687628,2726.88328
0.0314382894143,2726.32508
0.0314556502009,2725.7676
0.0314730109876,2725.20752
0.0314903717743,2724.64788
0.031507732561,2724.0917
0.0315250933477,2723.5373
0.0315424541343,2722.98442
0.0315598747858,2722.42286
0.0315772355725,2721.86536
0.0315945963592,2721.31102
0.0316119571459,2720.75198
0.0316293179325,2720.19346
0.0316466787192,2719.63062
0.0316640395059,2719.0715
0.0316814601574,2718.51262
0.031698820944,2717.95528
0.0317161817307,2717.40046
0.0317335425174,2716.84768
0.0317509033041,2716.28992
0.0317682640908,2715.74196
0.0317856248774,2715.18466
0.0318030455289,2714.63094
0.0318204063156,2714.07496
0.0318377671023,2713.51546
0.031855127889,2712.95136
0.0318724886756,2712.39192
0.0318898494623,2711.83382
0.031907210249,2711.27624
0.0319246309005,2710.72012
0.0319419916871,2710.17034
0.0319593524738,2709.61424
0.0319767132605,2709.05936
0.0319940740472,2708.50796
0.0320114348339,2707.94536
0.0320287956205,2707.3985
0.032046216272,2706.84102
0.0320635770587,2706.28448
0.0320809378454,2705.73092
0.0320982986321,2705.17608
0.0321156594187,2704.62384
0.0321330202054,2704.07256
0.0321503809921,2703.5143
0.0321678016436,2702.95166
0.0321851624302,2702.39924
0.0322025232169,2701.8491
0.0322198840036,2701.30044
0.0322372447903,2700.74678
0.032254605577,2700.1939
0.0322719663636,2699.63374
0.0322893271503,2699.08508
0.0323067478018,2698.52292
0.0323241085885,2697.9761
0.0323414693752,2697.42112
0.0323588301618,2696.86766
0.0323761909485,2696.31038
0.0323935517352,2695.7541
0.0324109125219,2695.20596
0.0324283331733,2694.65208
0.03244569396,2694.10026
0.0324630547467,2693.55108
0.0324804155334,2692.99608
0.0324977763201,2692.44316
0.0325151371067,2691.88832
0.0325324978934,2691.33302
0.0325499185449,2690.78054
0.0325672793316,2690.22746
0.0325846401183,2689.67536
0.0326020009049,2689.1226
0.0326193616916,2688.56738
0.0326367224783,2688.02198
0.032654083265,2687.46808
0.0326715039164,2686.91156
0.0326888647031,2686.35406
0.0327062254898,2685.80498
0.0327235862765,2685.25404
0.0327409470632,2684.70348
0.0327583078499,2684.15386
0.0327756686365,2683.60512
0.032793089288,2683.04966
0.0328104500747,2682.50124
0.0328278108614,2681.94948
0.032845171648,2681.4002
0.0328625324347,2680.85206
0.0328798932214,2680.30482
0.0328972540081,2679.7588
0.0329146746595,2679.20972
0.0329320354462,2678.6653
0.0329493962329,2678.12064
0.0329667570196,2677.56572
0.0329841178063,2677.01856
0.033001478593,2676.47088
0.0330188393796,2675.92422
0.0330362600311,2675.37444
0.0330536208178,2674.82592
0.0330709816045,2674.28062
0.0330883423911,2673.73166
0.0331057031778,2673.18872
0.0331230639645,2672.63822
0.0331404247512,2672.09208
0.0331578454026,2671.54814
0.0331752061893,2670.99898
0.033192566976,2670.45102
0.0332099277627,2669.90316
0.0332272885494,2669.35816
0.0332446493361,2668.81566
0.0332620101227,2668.26772
0.0332793709094,2667.72682
0.0332967915609,2667.18006
0.0333141523476,2666.63754
0.0333315131342,2666.09138
0.0333488739209,2665.54488
0.0333662347076,2664.99864
0.0333835954943,2664.457
0.033400956281,2663.90936
0.0334183769324,2663.3679
0.0334357377191,2662.8236
0.0334530985058,2662.28524
0.0334704592925,2661.73592
0.0334878200792,2661.19224
0.0335051808658,2660.64676
0.0335225416525,2660.10346
0.033539962304,2659.55736
0.0335573230907,2659.01066
0.0335746838773,2658.46034
0.033592044664,2657.90928
0.0336094054507,2657.36512
0.0336267662374,2656.8165
0.0336441270241,2656.2715
0.0336615476755,2655.73036
0.0336789084622,2655.18458
0.0336962692489,2654.64166
0.0337136300356,2654.09536
0.0337309908223,2653.55282
0.0337483516089,2653.00622
0.0337657123956,2652.46284
0.0337831330471,2651.92084
0.0338004938338,2651.37318
0.0338178546204,2650.832
0.0338352154071,2650.29028
0.0338525761938,2649.74534
0.0338699369805,2649.19824
0.0338872977672,2648.65378
0.0339047184186,2648.1055
0.0339220792053,2647.5673
0.033939439992,2647.02958
0.0339568007787,2646.4831
0.0339741615654,2645.939
0.033991522352,2645.39654
0.0340088831387,2644.85594
0.0340263037902,2644.31524
0.0340436645769,2643.76806
0.0340610253635,2643.2289
0.0340783861502,2642.685
0.0340957469369,2642.1443
0.0341131077236,2641.6019
0.0341304685103,2641.0581
0.0341478891617,2640.51146
0.0341652499484,2639.967
0.0341826107351,2639.42314
0.0341999715218,2638.88046
0.0342173323085,2638.34142
0.0342346930951,2637.8074
0.0342520538818,2637.263
0.0342694146685,2636.72376
0.03428683532,2636.17906
0.0343041961066,2635.6438
0.0343215568933,2635.10224
0.03433891768,2634.56272
0.0343562784667,2634.02196
0.0343736392534,2633.4789
0.0343910000401,2632.93698
0.0344084206915,2632.39736
0.0344257814782,2631.86208
0.0344431422649,2631.31962
0.0344605030516,2630.7815
0.0344778638382,2630.2403
0.0344952246249,2629.69652
0.0345125854116,2629.15856
0.0345300060631,2628.61496
0.0345473668497,2628.07284
0.0345647276364,2627.5331
0.0345820884231,2626.9912
0.0345994492098,2626.45654
0.0346168099965,2625.91838
0.0346341707832,2625.37412
0.0346515914346,2624.8307
0.0346689522213,2624.2928
0.034686313008,2623.7598
0.0347036737947,2623.22432
0.0347210345813,2622.68598
0.034738395368,2622.14714
0.0347557561547,2621.61228
0.0347731768062,2621.07588
0.0347905375929,2620.53668
0.0348078983795,2620.00208
0.0348252591662,2619.47038
0.0348426199529,2618.92424
0.0348599807396,2618.38066
0.0348773415263,2617.84518
0.0348947621777,2617.3106
0.0349121229644,2616.77548
0.0349294837511,2616.237
0.0349468445378,2615.70188
0.0349642053244,2615.16418
0.0349815661111,2614.62918
0.0349989268978,2614.0943
0.0350163475493,2613.55824
0.035033708336,2613.02658
0.0350510691226,2612.49066
0.0350684299093,2611.95134
0.035085790696,2611.41936
0.0351031514827,2610.87998
0.0351205122694,2610.35142
0.0351379329208,2609.81752
0.0351552937075,2609.28124
0.0351726544942,2608.74688
0.0351900152809,2608.20958
0.0352073760675,2607.67114
0.0352247368542,2607.136
0.0352420976409,2606.60408
0.0352594584276,2606.0739
0.0352768790791,2605.53846
0.0352942398657,2605.008
0.0353116006524,2604.47728
0.0353289614391,2603.94284
0.0353463222258,2603.41454
0.0353636830125,2602.8848
0.0353810437991,2602.35228
0.0353984644506,2601.8146
0.0354158252373,2601.28008
0.035433186024,2600.74648
0.0354505468106,2600.20504
0.0354679075973,2599.67258
0.035485268384,2599.13952
0.0355026291707,2598.60348
0.0355200498222,2598.07884
0.0355374106088,2597.54702
0.0355547713955,2597.01426
0.0355721321822,2596.48198
0.0355894929689,2595.9558
0.0356068537556,2595.4246
0.0356242145422,2594.88992
0.0356416351937,2594.35212
0.0356589959804,2593.8227
0.0356763567671,2593.29144
0.0356937175538,2592.76544
0.0357110783404,2592.23192
0.0357284391271,2591.70032
0.0357457999138,2591.1668
0.0357632205653,2590.63202
0.0357805813519,2590.10758
0.0357979421386,2589.57542
0.0358153029253,2589.0422
0.035832663712,2588.51618
0.0358500244987,2587.9875
0.0358673852853,2587.45648
0.0358848059368,2586.92384
0.0359021667235,2586.39648
0.0359195275102,2585.8601
0.0359368882969,2585.3387
0.0359542490835,2584.81094
0.0359716098702,2584.28094
0.0359889706569,2583.74648
0.0360063913084,2583.2145
0.036023752095,2582.69004
0.0360411128817,2582.16186
0.0360584736684,2581.62844
0.0360758344551,2581.09626
0.0360931952418,2580.56188
0.0361105560284,2580.0375
0.0361279766799,2579.50504
0.0361453374666,2578.97756
0.0361626982533,2578.44942
0.03618005904,2577.92372
0.0361974198266,2577.3978
0.0362147806133,2576.87326
0.0362321414,2576.34578
0.0362495021867,2575.81738
0.0362669228381,2575.28856
0.0362842836248,2574.75966
0.0363016444115,2574.22518
0.0363190051982,2573.70304
0.0363363659849,2573.17838
0.0363537267715,2572.6531
0.0363710875582,2572.12748
0.0363885082097,2571.5966
0.0364058689964,2571.07022
0.0364232297831,2570.5446
0.0364405905697,2570.01666
0.0364579513564,2569.49496
0.0364753121431,2568.9672
0.0364926729298,2568.44806
0.0365100935812,2567.91874
0.0365274543679,2567.4006
0.0365448151546,2566.87804
0.0365621759413,2566.35372
0.036579536728,2565.83064
0.0365968975146,2565.30956
0.0366142583013,2564.78044
0.0366316789528,2564.24804
0.0366490397395,2563.7251
0.0366664005262,2563.20108
0.0366837613128,2562.67468
0.0367011220995,2562.15104
0.0367184828862,2561.62356
0.0367358436729,2561.097
0.0367532643243,2560.57484
0.036770625111,2560.04756
0.0367879858977,2559.5256
0.0368053466844,2558.99978
0.0368227074711,2558.47972
0.0368400682578,2557.95672
0.0368574290444,2557.43142
0.0368748496959,2556.91174
0.0368922104826,2556.39118
0.0369095712693,2555.86812
0.0369269320559,2555.34534
0.0369442928426,2554.8278
0.0369616536293,2554.30742
0.036979014416,2553.78518
0.0369964350674,2553.26542
0.0370137958541,2552.75048
0.0370311566408,2552.22714
0.0370485174275,2551.7086
0.0370658782142,2551.1888
0.0370832390009,2550.66834
0.0371005997875,2550.14866
0.037118020439,2549.62586
0.0371353812257,2549.10578
0.0371527420124,2548.58528
0.037170102799,2548.06574
0.0371874635857,2547.54546
0.0372048243724,2547.02304
0.0372221851591,2546.501
0.0372395459458,2545.97816
0.0372569665972,2545.46076
0.0372743273839,2544.94414
0.0372916881706,2544.4292
0.0373090489573,2543.9111
0.037326409744,2543.3856
0.0373437705306,2542.8659
0.0373611313173,2542.34464
0.0373785519688,2541.82608
0.0373959127555,2541.30338
0.0374132735421,2540.78622
0.0374306343288,2540.27028
0.0374479951155,2539.7435
0.0374653559022,2539.22002
0.0374827166889,2538.69776
0.0375001373403,2538.17092
0.037517498127,2537.65418
0.0375348589137,2537.13714
0.0375522197004,2536.6268
0.0375695804871,2536.10946
0.0375869412737,2535.59538
0.0376043020604,2535.0782
0.0376217227119,2534.56088
0.0376390834986,2534.0472
0.0376564442852,2533.525
0.0376738050719,2533.00554
0.0376911658586,2532.49448
0.0377085266453,2531.97076
0.037725887432,2531.45672
0.0377433080834,2530.92842
0.0377606688701,2530.41156
0.0377780296568,2529.89228
0.0377953904435,2529.37358
0.0378127512302,2528.85502
0.0378301120168,2528.3339
0.0378474728035,2527.81916
0.037864893455,2527.30262
0.0378822542417,2526.7828
0.0378996150283,2526.26426
0.037916975815,2525.74588
0.0379343366017,2525.229
0.0379516973884,2524.7088
0.0379690581751,2524.1895
0.0379864788265,2523.6706
0.0380038396132,2523.1595
0.0380212003999,2522.64296
0.0380385611866,2522.12908
0.0380559219733,2521.60926
0.0380732827599,2521.09276
0.0380906435466,2520.57316
0.0381080641981,2520.05244
0.0381254249848,2519.53686
0.0381427857714,2519.02048
0.0381601465581,2518.50772
0.0381775073448,2517.99636
0.0381948681315,2517.48666
0.0382122289182,2516.97582
0.0382295897049,2516.45482
0.0382470103563,2515.94324
0.038264371143,2515.43052
0.0382817319297,2514.91648
0.0382990927164,2514.40214
0.038316453503,2513.88986
0.0383338142897,2513.38152
0.0383511750764,2512.86954
0.0383685957279,2512.34838
0.0383859565145,2511.83386
0.0384033173012,2511.32258
0.0384206780879,2510.80284
0.0384380388746,2510.29598
0.0384553996613,2509.78124
0.038472760448,2509.26938
0.0384901810994,2508.75472
0.0385075418861,2508.24044
0.0385249026728,2507.7252
0.0385422634595,2507.21468
0.0385596242461,2506.70068
0.0385769850328,2506.184
0.0385943458195,2505.6689
0.038611766471,2505.15952
0.0386291272576,2504.6473
0.0386464880443,2504.13762
0.038663848831,2503.62404
0.0386812096177,2503.10464
0.0386985704044,2502.59354
0.0387159311911,2502.07998
0.0387333518425,2501.5709
0.0387507126292,2501.05476
0.0387680734159,2500.53948
0.0387854342026,2500.02484
0.0388027949892,2499.51436
0.0388201557759,2499.0015
0.0388375165626,2498.49166
0.0388549372141,2497.97934
0.0388722980008,2497.47188
0.0388896587874,2496.96102
0.0389070195741,2496.45174
0.0389243803608,2495.94644
0.0389417411475,2495.43512
0.0389591019342,2494.92678
0.0389765225856,2494.41582
0.0389938833723,2493.90858
0.039011244159,2493.39732
0.0390286049457,2492.88316
0.0390459657323,2492.3703
0.039063326519,2491.86604
0.0390806873057,2491.35544
0.0390981079572,2490.8463
0.0391154687439,2490.3395
0.0391328295305,2489.83342
0.0391501903172,2489.32426
0.0391675511039,2488.82254
0.0391849118906,2488.31922
0.0392022726773,2487.80812
0.0392196334639,2487.3045
0.0392370541154,2486.79852
0.0392544149021,2486.29598
0.0392717756888,2485.78922
0.0392891364754,2485.28314
0.0393064972621,2484.77216
0.0393238580488,2484.26982
0.0393412188355,2483.7628
0.039358639487,2483.25524
0.0393760002736,2482.74282
0.0393933610603,2482.23792
0.039410721847,2481.73412
0.0394280826337,2481.2236
0.0394454434204,2480.71468
0.039462804207,2480.21216
0.0394802248585,2479.70194
0.0394975856452,2479.19548
0.0395149464319,2478.69004
0.0395323072185,2478.1837
0.0395496680052,2477.67082
0.0395670287919,2477.15948
0.0395843895786,2476.65596
0.0396018102301,2476.14334
0.0396191710167,2475.63198
0.0396365318034,2475.11934
0.0396538925901,2474.61072
0.0396712533768,2474.10158
0.0396886141635,2473.58976
0.0397059749501,2473.08434
0.0397233956016,2472.5802
0.0397407563883,2472.07422
0.039758117175,2471.56504
0.0397754779616,2471.05876
0.0397928387483,2470.55076
0.039810199535,2470.04186
0.0398275603217,2469.5398
0.0398449809732,2469.0307
0.0398623417598,2468.53136
0.0398797025465,2468.02694
0.0398970633332,2467.52372
0.0399144241199,2467.01816
0.0399317849066,2466.51234
0.0399491456932,2466.00964
0.0399665663447,2465.5049
0.0399839271314,2465.00316
0.0400012879181,2464.49474
0.0400186487048,2463.99108
0.0400360094914,2463.49246
0.0400533702781,2462.98442
0.0400707310648,2462.47608
0.0400881517163,2461.9717
0.0401055125029,2461.46574
0.0401228732896,2460.96764
0.0401402340763,2460.47312
0.040157594863,2459.97144
0.0401749556497,2459.46328
0.0401923164363,2458.9634
0.0402097370878,2458.46104
0.0402270978745,2457.962
0.0402444586612,2457.4615
0.0402618194479,2456.96018
0.0402791802345,2456.45876
0.0402965410212,2455.9551
0.0403139018079,2455.44852
0.0403312625946,2454.94982
0.040348683246,2454.44414
0.0403660440327,2453.9436
0.0403834048194,2453.4343
0.0404007656061,2452.93426
0.0404181263928,2452.43232
0.0404354871794,2451.93014
0.0404528479661,2451.42442
0.0404702686176,2450.92162
0.0404876294043,2450.42032
0.040504990191,2449.91934
0.0405223509776,2449.41752
0.0405397117643,2448.91578
0.040557072551,2448.41144
0.0405744333377,2447.91628
0.0405918539891,2447.41326
0.0406092147758,2446.91156
0.0406265755625,2446.40884
0.0406439363492,2445.9034
0.0406612971359,2445.4044
0.0406786579225,2444.90618
0.0406960187092,2444.4091
0.0407134393607,2443.90252
0.0407308001474,2443.4018
0.0407481609341,2442.90098
0.0407655217207,2442.3993
0.0407828825074,2441.89252
0.0408002432941,2441.39528
0.0408176040808,2440.8984
0.0408350247322,2440.39502
0.0408523855189,2439.8951
0.0408697463056,2439.3976
0.0408871070923,2438.89864
0.040904467879,2438.39872
0.0409218286657,2437.89788
0.0409391894523,2437.40098
0.0409566101038,2436.89934
0.0409739708905,2436.40354
0.0409913316772,2435.90302
0.0410086924638,2435.4072
0.0410260532505,2434.912
0.0410434140372,2434.41658
0.0410607748239,2433.91732
0.0410781954753,2433.41738
0.041095556262,2432.92408
0.0411129170487,2432.42124
0.0411302778354,2431.92414
0.0411476386221,2431.42822
0.0411649994088,2430.9355
0.0411823601954,2430.44144
0.0411997808469,2429.94894
0.0412171416336,2429.44776
0.0412345024203,2428.94954
0.0412518632069,2428.44942
0.0412692239936,2427.94552
0.0412865847803,2427.45456
0.041303945567,2426.96252
0.0413213063537,2426.46446
0.0413387270051,2425.9677
0.0413560877918,2425.47106
0.0413734485785,2424.97488
0.0413908093652,2424.47778
0.0414081701519,2423.9872
0.0414255309385,2423.49644
0.0414428917252,2423.00094
0.0414603123767,2422.50134
0.0414776731634,2422.00946
0.04149503395,2421.51536
0.0415123947367,2421.0211
0.0415297555234,2420.52746
0.0415471163101,2420.02776
0.0415644770968,2419.53438
0.0415818977482,2419.03994
0.0415992585349,2418.54492
0.0416166193216,2418.05642
0.0416339801083,2417.56634
0.041651340895,2417.07448
0.0416687016816,2416.58074
0.0416860624683,2416.0817
0.0417034831198,2415.58768
0.0417208439065,2415.09978
0.0417382046931,2414.61062
0.0417555654798,2414.117
0.0417729262665,2413.62562
0.0417902870532,2413.13356
0.0418076478399,2412.64184
0.0418250684913,2412.153
0.041842429278,2411.6599
0.0418597900647,2411.16486
0.0418771508514,2410.67308
0.0418945116381,2410.17742
0.0419118724247,2409.68588
0.0419292332114,2409.19666
0.0419466538629,2408.7028
0.0419640146496,2408.20798
0.0419813754362,2407.71652
0.0419987362229,2407.22232
0.0420160970096,2406.7313
0.0420334577963,2406.23738
0.042050818583,2405.74232
0.0420682392344,2405.24648
0.0420856000211,2404.7551
0.0421029608078,2404.25864
0.0421203215945,2403.77014
0.0421376823812,2403.27632
0.0421550431678,2402.78546
0.0421724039545,2402.29406
0.042189824606,2401.79568
0.0422071853927,2401.2971
0.0422245461793,2400.8052
0.042241906966,2400.31456
0.0422592677527,2399.82004
0.0422766285394,2399.33612
0.0422939893261,2398.84334
0.0423113501128,2398.36036
0.0423287707642,2397.86882
0.0423461315509,2397.3748
0.0423634923376,2396.89108
0.0423808531243,2396.4042
0.0423982139109,2395.92124
0.0424155746976,2395.429
0.0424329354843,2394.93828
0.0424503561358,2394.4415
0.0424677169224,2393.94976
0.0424850777091,2393.46452
0.0425024384958,2392.98214
0.0425197992825,2392.49522
0.0425371600692,2392.00352
0.0425545208559,2391.51298
0.0425719415073,2391.02792
0.042589302294,2390.54544
0.0426066630807,2390.05702
0.0426240238674,2389.57706
0.042641384654,2389.0869
0.0426587454407,2388.59636
0.0426761062274,2388.10744
0.0426935268789,2387.61788
0.0427108876655,2387.12656
0.0427282484522,2386.6375
0.0427456092389,2386.15252
0.0427629700256,2385.66508
0.0427803308123,2385.179
0.042797691599,2384.69344
0.0428151122504,2384.2104
0.0428324730371,2383.7182
0.0428498338238,2383.23866
0.0428671946105,2382.7549
0.0428845553971,2382.26398
0.0429019161838,2381.77456
0.0429192769705,2381.28864
0.042936697622,2380.79724
0.0429540584087,2380.31222
0.0429714191953,2379.82608
0.042988779982,2379.33712
0.0430061407687,2378.85534
0.0430235015554,2378.37254
0.0430408623421,2377.89018
0.0430582829935,2377.39936
0.0430756437802,2376.90822
0.0430930045669,2376.42394
0.0431103653536,2375.93382
0.0431277261402,2375.44576
0.0431450869269,2374.96188
0.0431624477136,2374.47536
0.0431798683651,2373.98892
0.0431972291518,2373.5034
0.0432145899384,2373.0226
0.0432319507251,2372.53936
0.0432493115118,2372.05588
0.0432666722985,2371.57052
0.0432840330852,2371.0865
0.0433013938718,2370.60578
0.0433188145233,2370.11912
0.04333617531,2369.63412
0.0433535360967,2369.15106
0.0433708968833,2368.67324
0.04338825767,2368.1905
0.0434056184567,2367.70804
0.0434229792434,2367.22242
0.0434403998949,2366.73674
0.0434577606815,2366.25172
0.0434751214682,2365.76562
0.0434924822549,2365.27968
0.0435098430416,2364.79948
0.0435272038283,2364.3174
0.0435445646149,2363.83306
0.0435619852664,2363.35084
0.0435793460531,2362.8699
0.0435967068398,2362.38888
0.0436140676264,2361.9059
0.0436314284131,2361.42172
0.0436487891998,2360.93788
0.0436661499865,2360.4565
0.043683570638,2359.96834
0.0437009314246,2359.48628
0.0437182922113,2359.01214
0.043735652998,2358.53036
0.0437530137847,2358.05118
0.0437703745714,2357.56684
0.043787735358,2357.09206
0.0438051560095,2356.60586
0.0438225167962,2356.1257
0.0438398775829,2355.64758
0.0438572383695,2355.16442
0.0438745991562,2354.67932
0.0438919599429,2354.19654
0.0439093207296,2353.71722
0.0439267413811,2353.23608
0.0439441021677,2352.75376
0.0439614629544,2352.27276
0.0439788237411,2351.79838
0.0439961845278,2351.31856
0.0440135453145,2350.8428
0.0440309061011,2350.36344
0.0440483267526,2349.88236
0.0440656875393,2349.40466
0.044083048326,2348.92532
0.0441004091127,2348.44588
0.0441177698993,2347.96498
0.044135130686,2347.48566
0.0441524914727,2347.00806
0.0441699121242,2346.52504
0.0441872729108,2346.05252
0.0442046336975,2345.57406
0.0442219944842,2345.0979
0.0442393552709,2344.62048
0.0442567160576,2344.1392
0.0442740768442,2343.6597
0.0442914376309,2343.18172
0.0443088582824,2342.70206
0.0443262190691,2342.22554
0.0443435798558,2341.74004
0.0443609406424,2341.25956
0.0443783014291,2340.78352
0.0443956622158,2340.30682
0.0444130230025,2339.82644
0.0444304436539,2339.35052
0.0444478044406,2338.87476
0.0444651652273,2338.3937
0.044482526014,2337.91418
0.0444998868007,2337.43852
0.0445172475873,2336.95942
0.044534608374,2336.482
0.0445520290255,2336.00244
0.0445693898122,2335.52826
0.0445867505989,2335.0509
0.0446041113855,2334.56876
0.0446214721722,2334.09044
0.0446388329589,2333.61312
0.0446561937456,2333.13566
0.044673614397,2332.65954
0.0446909751837,2332.17704
0.0447083359704,2331.6983
0.0447256967571,2331.21962
0.0447430575438,2330.74034
0.0447604183304,2330.26238
0.0447777791171,2329.78708
0.0447951997686,2329.30792
0.0448125605553,2328.83536
0.044829921342,2328.35962
0.0448472821286,2327.884
0.0448646429153,2327.4097
0.044882003702,2326.9344
0.0448993644887,2326.45492
0.0449167851401,2325.97366
0.0449341459268,2325.49642
0.0449515067135,2325.01992
0.0449688675002,2324.54876
0.0449862282869,2324.07658
0.0450035890736,2323.60566
0.0450209498602,2323.13202
0.0450383705117,2322.65126
0.0450557312984,2322.17664
0.0450730920851,2321.70206
0.0450904528717,2321.229
0.0451078136584,2320.75788
0.0451251744451,2320.28086
0.0451425352318,2319.81056
0.0451599558832,2319.33442
0.0451773166699,2318.86096
0.0451946774566,2318.3871
0.0452120382433,2317.9186
0.04522939903,2317.4456
0.0452467598167,2316.97222
0.0452641206033,2316.49524
0.04528148139,2316.01982
0.0452989020415,2315.5447
0.0453162628282,2315.07016
0.0453336236148,2314.59524
0.0453509844015,2314.12298
0.0453683451882,2313.64948
0.0453857059749,2313.17516
0.0454030667616,2312.70406
0.045420487413,2312.2315
0.0454378481997,2311.75998
0.0454552089864,2311.28824
0.0454725697731,2310.81852
0.0454899305598,2310.35114
0.0455072913464,2309.88042
0.0455246521331,2309.40616
0.0455420727846,2308.93324
0.0455594335713,2308.46062
0.0455767943579,2307.98734
0.0455941551446,2307.51476
0.0456115159313,2307.0417
0.045628876718,2306.56982
0.0456462375047,2306.10138
0.0456636581561,2305.62852
0.0456810189428,2305.15604
0.0456983797295,2304.68988
0.0457157405162,2304.22406
0.0457331013029,2303.75308
0.0457504620895,2303.27916
0.0457678228762,2302.81366
0.0457852435277,2302.34406
0.0458026043144,2301.87238
0.045819965101,2301.40698
0.0458373258877,2300.93774
0.0458546866744,2300.46656
0.0458720474611,2299.99842
0.0458894082478,2299.52704
0.0459068288992,2299.05832
0.0459241896859,2298.59288
0.0459415504726,2298.12958
0.0459589112593,2297.6659
0.045976272046,2297.20034
0.0459936328326,2296.7278
0.0460109936193,2296.25994
0.0460284142708,2295.79016
0.0460457750575,2295.32324
0.0460631358441,2294.85296
0.0460804966308,2294.38992
0.0460978574175,2293.92222
0.0461152182042,2293.45724
0.0461325789909,2292.99376
0.0461499996423,2292.5239
0.046167360429,2292.05068
0.0461847212157,2291.58466
0.0462020820024,2291.1202
0.0462194427891,2290.65326
0.0462368035757,2290.18994
0.0462541643624,2289.72236
0.0462715251491,2289.2531
0.0462889458006,2288.78302
0.0463063065872,2288.31018
0.0463236673739,2287.83962
0.0463410281606,2287.36636
0.0463583889473,2286.89516
0.046375749734,2286.42804
0.0463931105207,2285.95914
0.0464105311721,2285.49764
0.0464278919588,2285.03086
0.0464452527455,2284.57146
0.0464626135322,2284.10364
0.0464799743188,2283.63838
0.0464973351055,2283.1739
0.0465146958922,2282.70122
0.0465321165437,2282.23606
0.0465494773303,2281.7705
0.046566838117,2281.3038
0.0465841989037,2280.83308
0.0466015596904,2280.36842
0.0466189204771,2279.89754
0.0466362812638,2279.4293
0.0466537019152,2278.9596
0.0466710627019,2278.50048
0.0466884234886,2278.04362
0.0467057842753,2277.57474
0.0467231450619,2277.1076
0.0467405058486,2276.63586
0.0467578666353,2276.17044
0.0467752872868,2275.70332
0.0467926480734,2275.24426
0.0468100088601,2274.78202
0.0468273696468,2274.31838
0.0468447304335,2273.84718
0.0468620912202,2273.38258
0.0468794520069,2272.91874
0.0468968726583,2272.45868
0.046914233445,2271.99296
0.0469315942317,2271.52674
0.0469489550184,2271.06128
0.046966315805,2270.60176
0.0469836765917,2270.1413
0.0470010373784,2269.67942
0.0470184580299,2269.21998
0.0470358188166,2268.76138
0.0470531796032,2268.30006
0.0470705403899,2267.83284
0.0470879011766,2267.37244
0.0471052619633,2266.90834
0.04712262275,2266.4443
0.0471400434014,2265.98272
0.0471574041881,2265.52178
0.0471747649748,2265.05972
0.0471921257615,2264.59722
0.0472094865481,2264.14046
0.0472268473348,2263.67878
0.0472442081215,2263.22298
0.047261628773,2262.75472
0.0472789895597,2262.28852
0.0472963503463,2261.8254
0.047313711133,2261.35994
0.0473310719197,2260.8975
0.0473484327064,2260.43732
0.0473657934931,2259.9751
0.0473831542797,2259.51224
0.0474005749312,2259.04748
0.0474179357179,2258.5833
0.0474352965046,2258.12622
0.0474526572912,2257.66674
0.0474700180779,2257.20276
0.0474873788646,2256.73648
0.0475047396513,2256.27644
0.0475221603028,2255.8213
0.0475395210894,2255.36394
0.0475568818761,2254.9017
0.0475742426628,2254.44332
0.0475916034495,2253.9803
0.0476089642362,2253.52114
0.0476263250228,2253.06108
0.0476437456743,2252.59964
0.047661106461,2252.14408
0.0476784672477,2251.68032
0.0476958280343,2251.2242
0.047713188821,2250.76558
0.0477305496077,2250.30356
0.0477479103944,2249.84462
0.0477653310459,2249.38214
0.0477826918325,2248.92296
0.0478000526192,2248.4653
0.0478174134059,2248.0096
0.0478347741926,2247.54312
0.0478521349793,2247.08358
0.0478694957659,2246.6315
0.0478869164174,2246.17486
0.0479042772041,2245.71876
0.0479216379908,2245.25916
0.0479389987774,2244.80438
0.0479563595641,2244.34628
0.0479737203508,2243.89268
0.0479910811375,2243.4318
0.048008501789,2242.97306
0.0480258625756,2242.51114
0.0480432233623,2242.05062
0.048060584149,2241.59346
0.0480779449357,2241.13226
0.0480953057224,2240.67408
0.048112666509,2240.22214
0.0481300871605,2239.7655
0.0481474479472,2239.31186
0.0481648087339,2238.85794
0.0481821695206,2238.4005
0.0481995303072,2237.9428
0.0482168910939,2237.48556
0.0482342518806,2237.028
0.0482516725321,2236.57288
0.0482690333187,2236.11284
0.0482863941054,2235.65706
0.0483037548921,2235.20118
0.0483211156788,2234.74718
0.0483384764655,2234.28978
0.0483558372521,2233.8372
0.0483731980388,2233.3775
0.0483906186903,2232.92112
0.048407979477,2232.46642
0.0484253402637,2232.01204
0.0484427010503,2231.56028
0.048460061837,2231.10224
0.0484774226237,2230.64966
0.0484947834104,2230.18964
0.0485122040618,2229.73534
0.0485295648485,2229.2857
0.0485469256352,2228.83044
0.0485642864219,2228.37474
0.0485816472086,2227.92224
0.0485990079952,2227.47262
0.0486163687819,2227.01554
0.0486337894334,2226.56364
0.0486511502201,2226.1117
0.0486685110068,2225.65864
0.0486858717934,2225.20584
0.0487032325801,2224.74952
0.0487205933668,2224.30044
0.0487379541535,2223.85054
0.0487553748049,2223.3956
0.0487727355916,2222.94084
0.0487900963783,2222.48418
0.048807457165,2222.02754
0.0488248179517,2221.57988
0.0488421787383,2221.129
0.048859539525,2220.67108
0.0488769601765,2220.21644
0.0488943209632,2219.76392
0.0489116817499,2219.31352
0.0489290425365,2218.86018
0.0489464033232,2218.4049
0.0489637641099,2217.9491
0.0489811248966,2217.49574
0.048998545548,2217.04458
0.0490159063347,2216.59052
0.0490332671214,2216.13562
0.0490506279081,2215.68826
0.0490679886948,2215.23894
0.0490853494814,2214.7917
0.0491027102681,2214.33908
0.0491201309196,2213.88748
0.0491374917063,2213.43614
0.049154852493,2212.98678
0.0491722132796,2212.53602
0.0491895740663,2212.0862
0.049206934853,2211.6358
0.0492242956397,2211.1859
0.0492417162911,2210.73318
0.0492590770778,2210.28268
0.0492764378645,2209.83578
0.0492937986512,2209.38558
0.0493111594379,2208.93404
0.0493285202246,2208.4784
0.0493458810112,2208.03114
0.0493632417979,2207.57194
0.0493806624494,2207.12552
0.0493980232361,2206.6713
0.0494153840227,2206.22
0.0494327448094,2205.76328
0.0494501055961,2205.31094
0.0494674663828,2204.8591
0.0494848271695,2204.40774
0.0495022478209,2203.95754
0.0495196086076,2203.50878
0.0495369693943,2203.05936
0.049554330181,2202.60966
0.0495716909677,2202.16864
0.0495890517543,2201.72448
0.049606412541,2201.27286
0.0496238331925,2200.82292
0.0496411939792,2200.36622
0.0496585547658,2199.917
0.0496759155525,2199.4698
0.0496932763392,2199.02204
0.0497106371259,2198.57582
0.0497279979126,2198.12394
0.049745418564,2197.67436
0.0497627793507,2197.2265
0.0497801401374,2196.7762
0.0497975009241,2196.32102
0.0498148617108,2195.87754
0.0498322224974,2195.43462
0.0498495832841,2194.98766
0.0498670039356,2194.5374
0.0498843647223,2194.09146
0.0499017255089,2193.64628
0.0499190862956,2193.19976
0.0499364470823,2192.75606
0.049953807869,2192.31062
0.0499711686557,2191.85866
0.0499885893071,2191.41012
