1.79594344988e-05,3999.22836667
3.59188689977e-05,3998.5727
5.38783034965e-05,3997.9762
7.18377379953e-05,3997.41113333
8.97971724941e-05,3996.8646
0.000107756606993,3996.335
0.000125716041492,3995.80236667
0.000143675475991,3995.2858
0.000161634910489,3994.77323333
0.000179594344988,3994.26533333
0.000191567301321,3993.93383333
0.00020952673582,3993.4343
0.000227486170318,3992.94283333
0.000245445604817,3992.445
0.000263405039316,3991.96306667
0.000281364473815,3991.4781
0.000299323908314,3990.99703333
0.000317283342813,3990.51436667
0.000335242777311,3990.0356
0.00035320221181,3989.55426667
0.000365175168143,3989.2355
0.000383134602642,3988.76183333
0.00040109403714,3988.2862
0.000419053471639,3987.80926667
0.000437012906138,3987.34163333
0.000454972340637,3986.87303333
0.000472931775136,3986.3996
0.000490891209635,3985.9302
0.000508850644133,3985.45923333
0.000526810078632,3984.9903
0.000538783034965,3984.6851
0.000556742469464,3984.2274
0.000574701903963,3983.7563
0.000592661338461,3983.29663333
0.00061062077296,3982.83486667
0.000628580207459,3982.37786667
0.000646539641958,3981.9106
0.000664499076457,3981.45463333
0.000682458510955,3980.99216667
0.000700417945454,3980.53773333
0.000712390901787,3980.23323333
0.000730350336286,3979.7802
0.000748309770785,3979.32266667
0.000766269205283,3978.8725
0.000784228639782,3978.42876667
0.000802188074281,3977.97616667
0.00082014750878,3977.52516667
0.000838106943279,3977.07286667
0.000856066377777,3976.62253333
0.000874025812276,3976.1766
0.000885998768609,3975.8835
0.000903958203108,3975.43163333
0.000921917637607,3974.97933333
0.000939877072105,3974.51986667
0.000957836506604,3974.06953333
0.000975795941103,3973.6178
0.000993755375602,3973.16796667
0.0010117148101,3972.72223333
0.0010296742446,3972.27373333
0.0010476336791,3971.82646667
0.00105960663543,3971.52703333
0.00107756606993,3971.07573333
0.00109552550443,3970.62766667
0.00111348493893,3970.1767
0.00113144437343,3969.7334
0.00114940380793,3969.2849
0.00116736324242,3968.83083333
0.00118532267692,3968.38533333
0.00120328211142,3967.93836667
0.00122124154592,3967.49896667
0.00123321450225,3967.2043
0.00125117393675,3966.76633333
0.00126913337125,3966.32293333
0.00128709280575,3965.88306667
0.00130505224025,3965.43466667
0.00132301167475,3964.99056667
0.00134097110925,3964.54643333
0.00135893054374,3964.10726667
0.00137688997824,3963.66563333
0.00139484941274,3963.22926667
0.00141280884724,3962.7797
0.00142478180357,3962.488
0.00144274123807,3962.04783333
0.00146070067257,3961.6154
0.00147866010707,3961.1712
0.00149661954157,3960.7255
0.00151457897607,3960.28236667
0.00153253841057,3959.83573333
0.00155049784507,3959.39173333
0.00156845727956,3958.95363333
0.00158641671406,3958.5136
0.0015983896704,3958.2234
0.00161634910489,3957.7815
0.00163430853939,3957.3437
0.00165226797389,3956.9099
0.00167022740839,3956.4701
0.00168818684289,3956.02323333
0.00170614627739,3955.58126667
0.00172410571189,3955.1405
0.00174206514639,3954.7043
0.00176002458089,3954.26963333
0.00177199753722,3953.97973333
0.00178995697172,3953.54843333
0.00180791640622,3953.11133333
0.00182587584071,3952.6742
0.00184383527521,3952.2427
0.00186179470971,3951.8068
0.00187975414421,3951.37463333
0.00189771357871,3950.93766667
0.00191567301321,3950.50366667
0.00193363244771,3950.06653333
0.00194560540404,3949.77433333
0.00196356483854,3949.33886667
0.00198152427304,3948.90273333
0.00199948370754,3948.46746667
0.00201744314204,3948.03206667
0.00203540257653,3947.59346667
0.00205336201103,3947.1572
0.00207132144553,3946.7238
0.00208928088003,3946.28646667
0.00210724031453,3945.85013333
0.00211921327086,3945.56266667
0.00213717270536,3945.12746667
0.00215513213986,3944.69433333
0.00217309157436,3944.25403333
0.00219105100886,3943.82593333
0.00220901044336,3943.39503333
0.00222696987785,3942.9602
0.00224492931235,3942.518
0.00226288874685,3942.08643333
0.00228084818135,3941.64646667
0.00229282113768,3941.35746667
0.00231078057218,3940.92336667
0.00232874000668,3940.48733333
0.00234669944118,3940.05153333
0.00236465887568,3939.6186
0.00238261831018,3939.1864
0.00240057774468,3938.74926667
0.00241853717918,3938.32006667
0.00243649661367,3937.8926
0.00245445604817,3937.45406667
0.00246642900451,3937.16773333
0.002484388439,3936.73186667
0.0025023478735,3936.29813333
0.002520307308,3935.86183333
0.0025382667425,3935.42746667
0.002556226177,3934.99356667
0.0025741856115,3934.55993333
0.002592145046,3934.12663333
0.0026101044805,3933.69773333
0.002628063915,3933.27096667
0.00264602334949,3932.84133333
0.00265799630583,3932.55136667
0.00267595574033,3932.11876667
0.00269391517482,3931.68463333
0.00271187460932,3931.25293333
0.00272983404382,3930.8234
0.00274779347832,3930.3874
0.00276575291282,3929.95623333
0.00278371234732,3929.52593333
0.00280167178182,3929.0964
0.00281963121632,3928.6693
0.00283160417265,3928.3842
0.00284956360715,3927.9526
0.00286752304165,3927.51906667
0.00288548247615,3927.09096667
0.00290344191064,3926.66973333
0.00292140134514,3926.2379
0.00293936077964,3925.81223333
0.00295732021414,3925.3849
0.00297527964864,3924.96253333
0.00299323908314,3924.5341
0.00300521203947,3924.2457
0.00302317147397,3923.81783333
0.00304113090847,3923.39006667
0.00305909034297,3922.9636
0.00307704977747,3922.53926667
0.00309500921196,3922.11446667
0.00311296864646,3921.69176667
0.00313092808096,3921.2621
0.00314888751546,3920.84016667
0.00316684694996,3920.41043333
0.00317881990629,3920.1219
0.00319677934079,3919.6904
0.00321473877529,3919.26583333
0.00323269820979,3918.84043333
0.00325065764429,3918.41436667
0.00326861707879,3917.98813333
0.00328657651329,3917.56253333
0.00330453594778,3917.13413333
0.00332249538228,3916.70733333
0.00334045481678,3916.27753333
0.00335242777311,3915.9942
0.00337038720761,3915.56726667
0.00338834664211,3915.13296667
0.00340630607661,3914.7123
0.00342426551111,3914.2872
0.00344222494561,3913.86566667
0.00346018438011,3913.44573333
0.00347814381461,3913.01593333
0.00349610324911,3912.58856667
0.0035140626836,3912.1666
0.00352603563994,3911.88496667
0.00354399507444,3911.45746667
0.00356195450893,3911.03366667
0.00357991394343,3910.6101
0.00359787337793,3910.18123333
0.00361583281243,3909.75556667
0.00363379224693,3909.33106667
0.00365175168143,3908.90143333
0.00366971111593,3908.47333333
0.00368767055043,3908.0507
0.00369964350676,3907.75986667
0.00371760294126,3907.34116667
0.00373556237576,3906.91513333
0.00375352181026,3906.4922
0.00377148124475,3906.0615
0.00378944067925,3905.63743333
0.00380740011375,3905.2169
0.00382535954825,3904.79506667
0.00384331898275,3904.36976667
0.00386127841725,3903.943
0.00387923785175,3903.5268
0.00389121080808,3903.2406
0.00390917024258,3902.82063333
0.00392712967708,3902.40343333
0.00394508911158,3901.9796
0.00396304854607,3901.55383333
0.00398100798057,3901.13216667
0.00399896741507,3900.71456667
0.00401692684957,3900.28946667
0.00403488628407,3899.86603333
0.00405284571857,3899.44676667
0.0040648186749,3899.16486667
0.0040827781094,3898.74266667
0.0041007375439,3898.3171
0.0041186969784,3897.89786667
0.0041366564129,3897.4746
0.0041546158474,3897.05986667
0.00417257528189,3896.63953333
0.00419053471639,3896.21196667
0.00420849415089,3895.79236667
0.00422645358539,3895.36426667
0.00423842654172,3895.0815
0.00425638597622,3894.6572
0.00427434541072,3894.2381
0.00429230484522,3893.81833333
0.00431026427972,3893.3977
0.00432822371422,3892.96943333
0.00434618314872,3892.55116667
0.00436414258322,3892.129
0.00438210201771,3891.6998
0.00440006145221,3891.275
0.00441203440855,3890.99636667
0.00442999384304,3890.5778
0.00444795327754,3890.15326667
0.00446591271204,3889.7364
0.00448387214654,3889.32523333
0.00450183158104,3888.9016
0.00451979101554,3888.4806
0.00453775045004,3888.05643333
0.00455570988454,3887.64096667
0.00457366931903,3887.22466667
0.00458564227537,3886.94406667
0.00460360170987,3886.51896667
0.00462156114437,3886.0984
0.00463952057886,3885.67433333
0.00465748001336,3885.26106667
0.00467543944786,3884.8474
0.00469339888236,3884.42846667
0.00471135831686,3884.00336667
0.00472931775136,3883.5902
0.00474727718586,3883.17093333
0.00475925014219,3882.8923
0.00477720957669,3882.47876667
0.00479516901119,3882.05463333
0.00481312844569,3881.631
0.00483108788018,3881.2108
0.00484904731468,3880.7955
0.00486700674918,3880.37583333
0.00488496618368,3879.95816667
0.00490292561818,3879.54836667
0.00492088505268,3879.1254
0.00493285800901,3878.8443
0.00495081744351,3878.4255
0.00496877687801,3878.01043333
0.00498673631251,3877.5986
0.00500469574701,3877.175
0.00502265518151,3876.7588
0.005040614616,3876.33966667
0.0050585740505,3875.92333333
0.005076533485,3875.49653333
0.0050944929195,3875.07706667
0.005112452354,3874.6597
0.00512442531033,3874.38183333
0.00514238474483,3873.96906667
0.00516034417933,3873.547
0.00517830361383,3873.13023333
0.00519626304833,3872.70486667
0.00521422248283,3872.28773333
0.00523218191733,3871.87196667
0.00525014135182,3871.4492
0.00526810078632,3871.02583333
0.00528606022082,3870.60753333
0.00529803317715,3870.3307
0.00531599261165,3869.90913333
0.00533395204615,3869.49783333
0.00535191148065,3869.07386667
0.00536987091515,3868.65343333
0.00538783034965,3868.23586667
0.00540578978415,3867.8176
0.00542374921865,3867.4055
0.00544170865314,3866.99206667
0.00545966808764,3866.57226667
0.00547164104398,3866.28883333
0.00548960047848,3865.87646667
0.00550755991297,3865.4638
0.00552551934747,3865.03886667
0.00554347878197,3864.62546667
0.00556143821647,3864.2052
0.00557939765097,3863.7774
0.00559735708547,3863.3576
0.00561531651997,3862.941
0.00563327595447,3862.52556667
0.0056452489108,3862.25333333
0.0056632083453,3861.83963333
0.0056811677798,3861.42386667
0.00569912721429,3861.0139
0.00571708664879,3860.5975
0.00573504608329,3860.17423333
0.00575300551779,3859.7555
0.00577096495229,3859.34033333
0.00578892438679,3858.92263333
0.00580688382129,3858.5086
0.00581885677762,3858.23413333
0.00583681621212,3857.8156
0.00585477564662,3857.4044
0.00587273508112,3856.99476667
0.00589069451562,3856.57863333
0.00590865395011,3856.16483333
0.00592661338461,3855.74846667
0.00594457281911,3855.3316
0.00596253225361,3854.91283333
0.00598049168811,3854.49813333
0.00599246464444,3854.2242
0.00601042407894,3853.80836667
0.00602838351344,3853.3952
0.00604634294794,3852.981
0.00606430238244,3852.5643
0.00608226181694,3852.14153333
0.00610022125144,3851.72566667
0.00611818068593,3851.30626667
0.00613614012043,3850.8918
0.00615409955493,3850.4769
0.00616607251126,3850.20196667
0.00618403194576,3849.7979
0.00620199138026,3849.38423333
0.00621995081476,3848.96606667
0.00623791024926,3848.54903333
0.00625586968376,3848.13393333
0.00627382911826,3847.72403333
0.00629178855276,3847.3102
0.00630974798725,3846.90416667
0.00632770742175,3846.4912
0.00634566685625,3846.08253333
0.00635763981259,3845.81023333
0.00637559924708,3845.39633333
0.00639355868158,3844.97576667
0.00641151811608,3844.5695
0.00642947755058,3844.15853333
0.00644743698508,3843.7456
0.00646539641958,3843.33156667
0.00648335585408,3842.91783333
0.00650131528858,3842.51233333
0.00651927472307,3842.10246667
0.00653124767941,3841.829
0.00654920711391,3841.42066667
0.0065671665484,3841.01126667
0.0065851259829,3840.5935
0.0066030854174,3840.17953333
0.0066210448519,3839.76353333
0.0066390042864,3839.35293333
0.0066569637209,3838.94323333
0.0066749231554,3838.53196667
0.0066928825899,3838.1159
0.00670485554623,3837.83896667
0.00672281498073,3837.43246667
0.00674077441523,3837.0206
0.00675873384973,3836.61213333
0.00677669328422,3836.20266667
0.00679465271872,3835.78903333
0.00681261215322,3835.37616667
0.00683057158772,3834.96536667
0.00684853102222,3834.5516
0.00686649045672,3834.1375
0.00687846341305,3833.86376667
0.00689642284755,3833.45473333
0.00691438228205,3833.0469
0.00693234171655,3832.63373333
0.00695030115105,3832.22263333
0.00696826058555,3831.8127
0.00698622002004,3831.39883333
0.00700417945454,3830.98866667
0.00702213888904,3830.58453333
0.00704009832354,3830.17156667
0.00705207127987,3829.89773333
0.00707003071437,3829.48836667
0.00708799014887,3829.07666667
0.00710594958337,3828.66583333
0.00712390901787,3828.25433333
0.00714186845237,3827.84113333
0.00715982788687,3827.4345
0.00717778732136,3827.02596667
0.00719574675586,3826.61056667
0.00721370619036,3826.20383333
0.0072256791467,3825.93463333
0.00724363858119,3825.52293333
0.00726159801569,3825.1107
0.00727955745019,3824.70426667
0.00729751688469,3824.2946
0.00731547631919,3823.8754
0.00733343575369,3823.4677
0.00735139518819,3823.05596667
0.00736935462269,3822.64746667
0.00738731405718,3822.2378
0.00739928701352,3821.9605
0.00741724644802,3821.55146667
0.00743520588251,3821.1462
0.00745316531701,3820.73746667
0.00747112475151,3820.3269
0.00748908418601,3819.9193
0.00750704362051,3819.51076667
0.00752500305501,3819.10403333
0.00754296248951,3818.69333333
0.00756092192401,3818.27743333
0.00757888135851,3817.87116667
0.00759085431484,3817.59706667
0.00760881374934,3817.1929
0.00762677318384,3816.78556667
0.00764473261833,3816.3734
0.00766269205283,3815.97176667
0.00768065148733,3815.56196667
0.00769861092183,3815.15483333
0.00771657035633,3814.74923333
0.00773452979083,3814.3343
0.00775248922533,3813.92356667
0.00776446218166,3813.6478
0.00778242161616,3813.23686667
0.00780038105066,3812.8321
0.00781834048516,3812.41916667
0.00783629991966,3812.0099
0.00785425935415,3811.60563333
0.00787221878865,3811.19663333
0.00789017822315,3810.78856667
0.00790813765765,3810.38866667
0.00792609709215,3809.97966667
0.00793807004848,3809.7086
0.00795602948298,3809.30276667
0.00797398891748,3808.89586667
0.00799194835198,3808.48566667
0.00800990778648,3808.06946667
0.00802786722098,3807.66836667
0.00804582665548,3807.26126667
0.00806378608997,3806.8558
0.00808174552447,3806.44963333
0.00809970495897,3806.0382
0.0081116779153,3805.7618
0.0081296373498,3805.35793333
0.0081475967843,3804.9547
0.0081655562188,3804.5435
0.0081835156533,3804.14076667
0.0082014750878,3803.73116667
0.0082194345223,3803.32583333
0.0082373939568,3802.91233333
0.00825535339129,3802.5049
0.00827331282579,3802.10253333
0.00828528578213,3801.82873333
0.00830324521662,3801.41956667
0.00832120465112,3801.01316667
0.00833916408562,3800.6052
0.00835712352012,3800.20066667
0.00837508295462,3799.7927
0.00839304238912,3799.38816667
0.00841100182362,3798.98136667
0.00842896125812,3798.57923333
0.00844692069262,3798.17166667
0.00845889364895,3797.90003333
0.00847685308345,3797.49243333
0.00849481251795,3797.0907
0.00851277195244,3796.68763333
0.00853073138694,3796.27966667
0.00854869082144,3795.87623333
0.00856665025594,3795.46786667
0.00858460969044,3795.05986667
0.00860256912494,3794.65843333
0.00862052855944,3794.24806667
0.00863250151577,3793.98183333
0.00865046095027,3793.57893333
0.00866842038477,3793.1706
0.00868637981927,3792.76863333
0.00870433925377,3792.3608
0.00872229868826,3791.95766667
0.00874025812276,3791.55443333
0.00875821755726,3791.14336667
0.00877617699176,3790.7393
0.00879413642626,3790.33133333
0.00881209586076,3789.92873333
0.00882406881709,3789.65506667
0.00884202825159,3789.25046667
0.00885998768609,3788.84803333
0.00887794712059,3788.44523333
0.00889590655509,3788.03533333
0.00891386598959,3787.6231
0.00893182542408,3787.21973333
0.00894978485858,3786.8143
0.00896774429308,3786.41033333
0.00898570372758,3786.0012
0.00899767668391,3785.72913333
0.00901563611841,3785.3304
0.00903359555291,3784.92856667
0.00905155498741,3784.52536667
0.00906951442191,3784.11833333
0.00908747385641,3783.71573333
0.00910543329091,3783.30656667
0.0091233927254,3782.90223333
0.0091413521599,3782.49613333
0.0091593115944,3782.09433333
0.00917128455074,3781.82383333
0.00918924398523,3781.416
0.00920720341973,3781.00876667
0.00922516285423,3780.60453333
0.00924312228873,3780.19476667
0.00926108172323,3779.79106667
0.00927904115773,3779.39056667
0.00929700059223,3778.99093333
0.00931496002673,3778.58953333
0.00933291946122,3778.1887
0.00934489241756,3777.92636667
0.00936285185206,3777.51913333
0.00938081128655,3777.112
0.00939877072105,3776.7049
0.00941673015555,3776.2984
0.00943468959005,3775.89813333
0.00945264902455,3775.49326667
0.00947060845905,3775.0879
0.00948856789355,3774.68656667
0.00950652732805,3774.2878
0.00951850028438,3774.01543333
0.00953645971888,3773.6085
0.00955441915338,3773.20286667
0.00957237858788,3772.8019
0.00959033802237,3772.39406667
0.00960829745687,3771.99186667
0.00962625689137,3771.58376667
0.00964421632587,3771.18536667
0.00966217576037,3770.7783
0.00968013519487,3770.3727
0.0096921081512,3770.10086667
0.0097100675857,3769.69563333
0.0097280270202,3769.29206667
0.0097459864547,3768.88973333
0.0097639458892,3768.49223333
0.0097819053237,3768.09193333
0.00979986475819,3767.68626667
0.00981782419269,3767.29033333
0.00983578362719,3766.88856667
0.00985374306169,3766.48106667
0.00986571601802,3766.21286667
0.00988367545252,3765.81516667
0.00990163488702,3765.4116
0.00991959432152,3765.00803333
0.00993755375602,3764.60323333
0.00995551319052,3764.20273333
0.00997347262502,3763.80893333
0.00999143205952,3763.4078
0.010009391494,3763.00376667
0.0100273509285,3762.59476667
0.010045310363,3762.20146667
0.0100572833193,3761.9306
0.0100752427538,3761.53316667
0.0100932021883,3761.1267
0.0101111616228,3760.73003333
0.0101291210573,3760.32783333
0.0101470804918,3759.92696667
0.0101650399263,3759.52886667
0.0101829993608,3759.1302
0.0102009587953,3758.73093333
0.0102189182298,3758.33386667
0.0102308911862,3758.0673
0.0102488506207,3757.66523333
0.0102668100552,3757.26143333
0.0102847694897,3756.85703333
0.0103027289242,3756.45983333
0.0103206883587,3756.05683333
0.0103386477932,3755.65536667
0.0103566072277,3755.25056667
0.0103745666622,3754.84893333
0.0103925260967,3754.45173333
0.010404499053,3754.18873333
0.0104224584875,3753.7881
0.010440417922,3753.39433333
0.0104583773565,3753.00093333
0.010476336791,3752.60096667
0.0104942962255,3752.20503333
0.01051225566,3751.80616667
0.0105302150945,3751.4119
0.010548174529,3751.01106667
0.0105661339635,3750.6125
0.0105781069198,3750.34386667
0.0105960663543,3749.94133333
0.0106140257888,3749.54213333
0.0106319852233,3749.14646667
0.0106499446578,3748.74713333
0.0106679040923,3748.34966667
0.0106858635268,3747.9488
0.0107038229613,3747.55276667
0.0107217823958,3747.14906667
0.0107397418303,3746.74756667
0.0107517147866,3746.47926667
0.0107696742211,3746.07913333
0.0107876336556,3745.67576667
0.0108055930901,3745.2739
0.0108235525246,3744.8708
0.0108415119591,3744.4721
0.0108594713936,3744.06973333
0.0108774308281,3743.66853333
0.0108953902626,3743.26686667
0.0109133496971,3742.86446667
0.0109253226535,3742.59446667
0.010943282088,3742.19476667
0.0109612415225,3741.79033333
0.010979200957,3741.39946667
0.0109971603914,3741.00636667
0.0110151198259,3740.6098
0.0110330792604,3740.21213333
0.0110510386949,3739.81713333
0.0110689981294,3739.41966667
0.0110869575639,3739.02443333
0.0110989305203,3738.75506667
0.0111168899548,3738.35833333
0.0111348493893,3737.96053333
0.0111528088238,3737.5599
0.0111707682583,3737.16026667
0.0111887276928,3736.7653
0.0112066871273,3736.369
0.0112246465618,3735.96613333
0.0112426059963,3735.57063333
0.0112605654308,3735.1654
0.0112785248653,3734.76843333
0.0112904978216,3734.49973333
0.0113084572561,3734.10653333
0.0113264166906,3733.70833333
0.0113443761251,3733.3124
0.0113623355596,3732.91366667
0.0113802949941,3732.51543333
0.0113982544286,3732.1228
0.0114162138631,3731.73136667
0.0114341732976,3731.3309
0.0114521327321,3730.92976667
0.0114641056884,3730.66566667
0.0114820651229,3730.27316667
0.0115000245574,3729.87663333
0.0115179839919,3729.47533333
0.0115359434264,3729.07886667
0.0115539028609,3728.68083333
0.0115718622954,3728.28373333
0.0115898217299,3727.88486667
0.0116077811644,3727.4831
0.0116257405989,3727.09753333
0.0116377135552,3726.83383333
0.0116556729897,3726.4323
0.0116736324242,3726.03753333
0.0116915918587,3725.63983333
0.0117095512932,3725.24343333
0.0117275107277,3724.84153333
0.0117454701622,3724.4371
0.0117634295967,3724.0391
0.0117813890312,3723.64616667
0.0117993484657,3723.248
0.0118113214221,3722.9858
0.0118292808566,3722.58343333
0.0118472402911,3722.18593333
0.0118651997256,3721.7872
0.0118831591601,3721.39376667
0.0119011185946,3721.00136667
0.0119190780291,3720.6012
0.0119370374636,3720.20646667
0.0119549968981,3719.8114
0.0119729563326,3719.41623333
0.0119849292889,3719.15653333
0.0120028887234,3718.75943333
0.0120208481579,3718.3659
0.0120388075924,3717.96586667
0.0120567670269,3717.57426667
0.0120747264614,3717.17063333
0.0120926858959,3716.7747
0.0121106453304,3716.37846667
0.0121286047649,3715.9811
0.0121465641994,3715.58623333
0.0121585371557,3715.32563333
0.0121764965902,3714.9256
0.0121944560247,3714.5281
0.0122124154592,3714.13373333
0.0122303748937,3713.7351
0.0122483343282,3713.3408
0.0122662937627,3712.93763333
0.0122842531972,3712.53713333
0.0123022126317,3712.13946667
0.0123201720662,3711.7509
0.0123321450225,3711.48506667
0.012350104457,3711.09036667
0.0123680638915,3710.69163333
0.012386023326,3710.30153333
0.0124039827605,3709.90403333
0.012421942195,3709.50616667
0.0124399016295,3709.116
0.012457861064,3708.7207
0.0124758204985,3708.32253333
0.012493779933,3707.9323
0.0125117393675,3707.541
0.0125237123239,3707.28256667
0.0125416717583,3706.88963333
0.0125596311928,3706.49196667
0.0125775906273,3706.0969
0.0125955500618,3705.70696667
0.0126135094963,3705.302
0.0126314689308,3704.9123
0.0126494283653,3704.52156667
0.0126673877998,3704.12593333
0.0126853472343,3703.73863333
0.0126973201907,3703.4739
0.0127152796252,3703.07913333
0.0127332390597,3702.68283333
0.0127511984942,3702.28983333
0.0127691579287,3701.90073333
0.0127871173632,3701.50483333
0.0128050767977,3701.1133
0.0128230362322,3700.72093333
0.0128409956667,3700.32576667
0.0128589551012,3699.92766667
0.0128709280575,3699.66346667
0.012888887492,3699.26963333
0.0129068469265,3698.8743
0.012924806361,3698.4769
0.0129427657955,3698.09016667
0.01296072523,3697.6898
0.0129786846645,3697.29136667
0.012996644099,3696.89
0.0130146035335,3696.49403333
0.013032562968,3696.10506667
0.0130445359243,3695.8434
0.0130624953588,3695.4482
0.0130804547933,3695.0528
0.0130984142278,3694.656
0.0131163736623,3694.2629
0.0131343330968,3693.868
0.0131522925313,3693.46903333
0.0131702519658,3693.07123333
0.0131882114003,3692.6752
0.0132061708348,3692.27983333
0.0132181437911,3692.01676667
0.0132361032256,3691.62566667
0.0132540626601,3691.23846667
0.0132720220946,3690.8425
0.0132899815291,3690.45113333
0.0133079409636,3690.06676667
0.0133259003981,3689.67133333
0.0133438598326,3689.28033333
0.0133618192671,3688.8872
0.0133797787016,3688.49436667
0.013391751658,3688.22706667
0.0134097110925,3687.8334
0.013427670527,3687.44036667
0.0134456299615,3687.04273333
0.013463589396,3686.65326667
0.0134815488305,3686.2594
0.013499508265,3685.8725
0.0135174676995,3685.48146667
0.013535427134,3685.08886667
0.0135533865684,3684.6956
0.0135653595248,3684.4373
0.0135833189593,3684.04643333
0.0136012783938,3683.65983333
0.0136192378283,3683.2667
0.0136371972628,3682.87073333
0.0136551566973,3682.48173333
0.0136731161318,3682.0913
0.0136910755663,3681.69896667
0.0137090350008,3681.31136667
0.0137269944353,3680.92243333
0.0137449538698,3680.52266667
0.0137569268261,3680.25393333
0.0137748862606,3679.8589
0.0137928456951,3679.46736667
0.0138108051296,3679.07913333
0.0138287645641,3678.6892
0.0138467239986,3678.29293333
0.0138646834331,3677.89793333
0.0138826428676,3677.50953333
0.0139006023021,3677.11586667
0.0139185617366,3676.72373333
0.0139305346929,3676.4623
0.0139484941274,3676.06776667
0.0139664535619,3675.67703333
0.0139844129964,3675.2899
0.0140023724309,3674.89623333
0.0140203318654,3674.5091
0.0140382912999,3674.11896667
0.0140562507344,3673.73136667
0.0140742101689,3673.3515
0.0140921696034,3672.9566
0.0141041425597,3672.6981
0.0141221019942,3672.3128
0.0141400614287,3671.92703333
0.0141580208632,3671.5399
0.0141759802977,3671.14913333
0.0141939397322,3670.75993333
0.0142118991667,3670.37063333
0.0142298586012,3669.97456667
0.0142478180357,3669.58003333
0.0142657774702,3669.19476667
0.0142777504266,3668.93996667
0.0142957098611,3668.56193333
0.0143136692956,3668.17743333
0.0143316287301,3667.7874
0.0143495881646,3667.39506667
0.0143675475991,3667.0093
0.0143855070336,3666.61923333
0.0144034664681,3666.22933333
0.0144214259026,3665.8366
0.0144393853371,3665.44313333
0.0144513582934,3665.18466667
0.0144693177279,3664.79786667
0.0144872771624,3664.4082
0.0145052365969,3664.02286667
0.0145231960314,3663.63673333
0.0145411554659,3663.24436667
0.0145591149004,3662.84823333
0.0145770743349,3662.46216667
0.0145950337694,3662.07853333
0.0146129932039,3661.6884
0.0146249661602,3661.43473333
0.0146429255947,3661.04913333
0.0146608850292,3660.66296667
0.0146788444637,3660.27383333
0.0146968038982,3659.88276667
0.0147147633327,3659.4947
0.0147327227672,3659.10396667
0.0147506822017,3658.71693333
0.0147686416362,3658.33236667
0.0147866010707,3657.9486
0.014798574027,3657.68746667
0.0148165334615,3657.30013333
0.014834492896,3656.90566667
0.0148524523305,3656.51576667
0.014870411765,3656.1304
0.0148883711995,3655.7378
0.014906330634,3655.35463333
0.0149242900685,3654.96243333
0.014942249503,3654.57233333
0.0149602089375,3654.1866
0.014978168372,3653.79756667
0.0149901413284,3653.5412
0.0150081007629,3653.15203333
0.0150260601974,3652.76486667
0.0150440196319,3652.37623333
0.0150619790664,3651.98456667
0.0150799385009,3651.6041
0.0150978979353,3651.21196667
0.0151158573698,3650.82156667
0.0151338168043,3650.43446667
0.0151517762388,3650.0415
0.0151637491952,3649.7818
0.0151817086297,3649.3874
0.0151996680642,3649.00673333
0.0152176274987,3648.61716667
0.0152355869332,3648.2281
0.0152535463677,3647.83526667
0.0152715058022,3647.4416
0.0152894652367,3647.05366667
0.0153074246712,3646.66833333
0.0153253841057,3646.2839
0.015337357062,3646.02346667
0.0153553164965,3645.63643333
0.015373275931,3645.25246667
0.0153912353655,3644.8713
0.0154091948,3644.48243333
0.0154271542345,3644.094
0.015445113669,3643.70673333
0.0154630731035,3643.31806667
0.015481032538,3642.93653333
0.0154989919725,3642.55133333
0.0155109649288,3642.2908
0.0155289243633,3641.90136667
0.0155468837978,3641.50746667
0.0155648432323,3641.1229
0.0155828026668,3640.73623333
0.0156007621013,3640.34963333
0.0156187215358,3639.9642
0.0156366809703,3639.5762
0.0156546404048,3639.18803333
0.0156725998393,3638.79563333
0.0156845727956,3638.53653333
0.0157025322301,3638.1507
0.0157204916646,3637.76786667
0.0157384510991,3637.38406667
0.0157564105336,3636.9921
0.0157743699681,3636.60233333
0.0157923294026,3636.21856667
0.0158102888371,3635.8375
0.0158282482716,3635.4459
0.0158462077061,3635.057
0.0158581806625,3634.80136667
0.015876140097,3634.4159
0.0158940995315,3634.02876667
0.015912058966,3633.6455
0.0159300184005,3633.2569
0.015947977835,3632.87376667
0.0159659372695,3632.48376667
0.015983896704,3632.10213333
0.0160018561385,3631.71906667
0.016019815573,3631.33293333
0.0160317885293,3631.0749
0.0160497479638,3630.6816
0.0160677073983,3630.29973333
0.0160856668328,3629.91796667
0.0161036262673,3629.527
0.0161215857018,3629.13856667
0.0161395451363,3628.7594
0.0161575045708,3628.37423333
0.0161754640053,3627.99206667
0.0161934234398,3627.6059
0.0162113828743,3627.21753333
0.0162233558306,3626.95766667
0.0162413152651,3626.57373333
0.0162592746996,3626.1868
0.0162772341341,3625.804
0.0162951935686,3625.41913333
0.0163131530031,3625.0282
0.0163311124376,3624.64406667
0.0163490718721,3624.26096667
0.0163670313066,3623.871
0.0163849907411,3623.48573333
0.0163969636974,3623.22383333
0.0164149231319,3622.83383333
0.0164328825664,3622.45326667
0.0164508420009,3622.0729
0.0164688014354,3621.69533333
0.0164867608699,3621.31126667
0.0165047203044,3620.92526667
0.0165226797389,3620.54153333
0.0165406391734,3620.1591
0.0165585986079,3619.7718
0.0165705715643,3619.52156667
0.0165885309988,3619.1362
0.0166064904333,3618.7495
0.0166244498677,3618.36903333
0.0166424093022,3617.9872
0.0166603687367,3617.60853333
0.0166783281712,3617.22186667
0.0166962876057,3616.8436
0.0167142470402,3616.45783333
0.0167322064747,3616.07686667
0.0167441794311,3615.82463333
0.0167621388656,3615.4462
0.0167800983001,3615.06376667
0.0167980577346,3614.6804
0.0168160171691,3614.29763333
0.0168339766036,3613.91716667
0.0168519360381,3613.53293333
0.0168698954726,3613.1538
0.0168878549071,3612.76986667
0.0169058143416,3612.3867
0.0169177872979,3612.12756667
0.0169357467324,3611.74306667
0.0169537061669,3611.35853333
0.0169716656014,3610.971
0.0169896250359,3610.59016667
0.0170075844704,3610.2079
0.0170255439049,3609.82843333
0.0170435033394,3609.44273333
0.0170614627739,3609.05833333
0.0170794222084,3608.67636667
0.0170913951647,3608.41966667
0.0171093545992,3608.03723333
0.0171273140337,3607.65306667
0.0171452734682,3607.26596667
0.0171632329027,3606.88286667
0.0171811923372,3606.5
0.0171991517717,3606.11636667
0.0172171112062,3605.7322
0.0172350706407,3605.34773333
0.0172530300752,3604.96526667
0.0172650030315,3604.70603333
0.017282962466,3604.32493333
0.0173009219005,3603.94673333
0.017318881335,3603.56423333
0.0173368407695,3603.18436667
0.017354800204,3602.80673333
0.0173727596385,3602.41986667
0.017390719073,3602.0349
0.0174086785075,3601.64986667
0.017426637942,3601.26456667
0.0174445973765,3600.8869
0.0174565703329,3600.63406667
0.0174745297674,3600.2533
0.0174924892019,3599.86993333
0.0175104486364,3599.4818
0.0175284080709,3599.09666667
0.0175463675054,3598.71363333
0.0175643269399,3598.3287
0.0175822863744,3597.9487
0.0176002458089,3597.5644
0.0176182052434,3597.18086667
0.0176301781997,3596.92836667
0.0176481376342,3596.54486667
0.0176660970687,3596.1579
0.0176840565032,3595.7811
0.0177020159377,3595.39636667
0.0177199753722,3595.0165
0.0177379348067,3594.63816667
0.0177558942412,3594.25783333
0.0177738536757,3593.87593333
0.0177918131102,3593.49293333
0.0178037860665,3593.24053333
0.017821745501,3592.8572
0.0178397049355,3592.47683333
0.01785766437,3592.0975
0.0178756238045,3591.7224
0.017893583239,3591.3334
0.0179115426735,3590.9426
0.017929502108,3590.56593333
0.0179474615425,3590.1882
0.017965420977,3589.804
0.0179773939333,3589.55006667
0.0179953533678,3589.1736
0.0180133128023,3588.78906667
0.0180312722368,3588.40816667
0.0180492316713,3588.02513333
0.0180671911058,3587.64406667
0.0180851505403,3587.26973333
0.0181031099748,3586.8922
0.0181210694093,3586.5103
0.0181390288438,3586.12736667
0.0181510018002,3585.87066667
0.0181689612346,3585.4937
0.0181869206691,3585.1132
0.0182048801036,3584.7347
0.0182228395381,3584.35173333
0.0182407989726,3583.97583333
0.0182587584071,3583.59686667
0.0182767178416,3583.21373333
0.0182946772761,3582.8362
0.0183126367106,3582.45836667
0.018324609667,3582.20496667
0.0183425691015,3581.8206
0.018360528536,3581.43796667
0.0183784879705,3581.05573333
0.018396447405,3580.67313333
0.0184144068395,3580.28853333
0.018432366274,3579.9106
0.0184503257085,3579.52753333
0.018468285143,3579.14633333
0.0184862445775,3578.76526667
0.0184982175338,3578.5123
0.0185161769683,3578.1327
0.0185341364028,3577.75313333
0.0185520958373,3577.37836667
0.0185700552718,3576.99293333
0.0185880147063,3576.6144
0.0186059741408,3576.2382
0.0186239335753,3575.85373333
0.0186418930098,3575.47806667
0.0186598524443,3575.09173333
0.0186778118788,3574.7099
0.0186897848351,3574.45953333
0.0187077442696,3574.0789
0.0187257037041,3573.7017
0.0187436631386,3573.32523333
0.0187616225731,3572.94493333
0.0187795820076,3572.5661
0.0187975414421,3572.1904
0.0188155008766,3571.8196
0.0188334603111,3571.4445
0.0188514197456,3571.06676667
0.0188633927019,3570.81196667
0.0188813521364,3570.43513333
0.0188993115709,3570.0488
0.0189172710054,3569.67213333
0.0189352304399,3569.29583333
0.0189531898744,3568.9138
0.0189711493089,3568.53543333
0.0189891087434,3568.15186667
0.0190070681779,3567.77243333
0.0190250276124,3567.3934
0.0190370005688,3567.13723333
0.0190549600033,3566.7566
0.0190729194378,3566.37503333
0.0190908788723,3566.00163333
0.0191088383068,3565.612
0.0191267977413,3565.24116667
0.0191447571758,3564.85976667
0.0191627166103,3564.4817
0.0191806760448,3564.0976
0.0191986354792,3563.71506667
0.0192106084356,3563.46416667
0.0192285678701,3563.08233333
0.0192465273046,3562.70726667
0.0192644867391,3562.338
0.0192824461736,3561.9583
0.0193004056081,3561.58183333
0.0193183650426,3561.20916667
0.0193363244771,3560.82916667
0.0193542839116,3560.4524
0.0193722433461,3560.07493333
0.0193842163024,3559.82023333
0.0194021757369,3559.44206667
0.0194201351714,3559.06393333
0.0194380946059,3558.69066667
0.0194560540404,3558.32126667
0.0194740134749,3557.94463333
0.0194919729094,3557.5697
0.0195099323439,3557.1912
0.0195278917784,3556.81426667
0.0195458512129,3556.43596667
0.0195578241692,3556.19026667
0.0195757836037,3555.812
0.0195937430382,3555.43163333
0.0196117024727,3555.0525
0.0196296619072,3554.67503333
0.0196476213417,3554.2993
0.0196655807762,3553.92293333
0.0196835402107,3553.54226667
0.0197014996452,3553.1675
0.0197194590797,3552.7892
0.019731432036,3552.5382
0.0197493914705,3552.1608
0.019767350905,3551.78113333
0.0197853103395,3551.4029
0.019803269774,3551.02586667
0.0198212292085,3550.64433333
0.019839188643,3550.27076667
0.0198571480775,3549.89333333
0.019875107512,3549.51226667
0.0198930669465,3549.1328
0.019911026381,3548.7509
0.0199229993374,3548.5001
0.0199409587719,3548.12353333
0.0199589182064,3547.7462
0.0199768776409,3547.36856667
0.0199948370754,3546.98683333
0.0200127965099,3546.61103333
0.0200307559444,3546.2377
0.0200487153789,3545.8634
0.0200666748134,3545.48573333
0.0200846342479,3545.10883333
0.0200966072042,3544.8606
0.0201145666387,3544.4822
0.0201325260732,3544.10803333
0.0201504855077,3543.73463333
0.0201684449422,3543.3609
0.0201864043767,3542.98006667
0.0202043638112,3542.60236667
0.0202223232457,3542.22906667
0.0202402826802,3541.85183333
0.0202582421147,3541.4808
0.020270215071,3541.2324
0.0202881745055,3540.85786667
0.02030613394,3540.48293333
0.0203240933745,3540.10943333
0.020342052809,3539.73636667
0.0203600122435,3539.3601
0.020377971678,3538.98573333
0.0203959311125,3538.61613333
0.020413890547,3538.24063333
0.0204318499815,3537.8681
0.0204438229378,3537.617
0.0204617823723,3537.2429
0.0204797418068,3536.86433333
0.0204977012413,3536.48943333
0.0205156606758,3536.11253333
0.0205336201103,3535.7385
0.0205515795448,3535.3644
0.0205695389793,3534.9925
0.0205874984138,3534.62496667
0.0206054578483,3534.25116667
0.0206174308047,3534.0044
0.0206353902392,3533.6369
0.0206533496737,3533.2561
0.0206713091082,3532.87223333
0.0206892685427,3532.4992
0.0207072279772,3532.1253
0.0207251874116,3531.74586667
0.0207431468461,3531.37276667
0.0207611062806,3531.00166667
0.0207790657151,3530.631
0.0207910386715,3530.38213333
0.020808998106,3530.0064
0.0208269575405,3529.6331
0.020844916975,3529.24676667
0.0208628764095,3528.8735
0.020880835844,3528.49776667
0.0208987952785,3528.12256667
0.020916754713,3527.75143333
0.0209347141475,3527.37806667
0.020952673582,3527.008
0.0209646465383,3526.75833333
0.0209826059728,3526.37843333
0.0210005654073,3525.9988
0.0210185248418,3525.62716667
0.0210364842763,3525.24843333
0.0210544437108,3524.87643333
0.0210724031453,3524.50606667
0.0210903625798,3524.13513333
0.0211083220143,3523.76256667
0.0211262814488,3523.39696667
0.0211442408833,3523.02276667
0.0211562138396,3522.77776667
0.0211741732741,3522.40493333
0.0211921327086,3522.03663333
0.0212100921431,3521.66483333
0.0212280515776,3521.29033333
0.0212460110121,3520.9193
0.0212639704466,3520.5503
0.0212819298811,3520.18013333
0.0212998893156,3519.8032
0.0213178487501,3519.434
0.0213298217064,3519.18936667
0.0213477811409,3518.81376667
0.0213657405754,3518.43733333
0.0213837000099,3518.06866667
0.0214016594444,3517.69306667
0.0214196188789,3517.3185
0.0214375783134,3516.9442
0.0214555377479,3516.57246667
0.0214734971824,3516.19763333
0.0214914566169,3515.82326667
0.0215034295733,3515.5784
0.0215213890078,3515.20556667
0.0215393484423,3514.83316667
0.0215573078768,3514.4634
0.0215752673113,3514.09546667
0.0215932267458,3513.72136667
0.0216111861803,3513.34233333
0.0216291456148,3512.96546667
0.0216471050493,3512.59286667
0.0216650644838,3512.22096667
0.0216770374401,3511.97713333
0.0216949968746,3511.60543333
0.0217129563091,3511.23426667
0.0217309157436,3510.86106667
0.0217488751781,3510.49173333
0.0217668346126,3510.11623333
0.0217847940471,3509.74723333
0.0218027534816,3509.3802
0.0218207129161,3509.00856667
0.0218386723506,3508.6345
0.0218506453069,3508.38736667
0.0218686047414,3508.01146667
0.0218865641759,3507.6413
0.0219045236104,3507.2747
0.0219224830449,3506.903
0.0219404424794,3506.53
0.0219584019139,3506.1592
0.0219763613484,3505.78993333
0.0219943207829,3505.42096667
0.0220122802174,3505.05523333
0.0220242531737,3504.8083
0.0220422126082,3504.43583333
0.0220601720427,3504.06296667
0.0220781314772,3503.6968
0.0220960909117,3503.32396667
0.0221140503462,3502.9542
0.0221320097807,3502.58923333
0.0221499692152,3502.2136
0.0221679286497,3501.84456667
0.0221858880842,3501.46756667
0.0221978610406,3501.21883333
0.0222158204751,3500.84953333
0.0222337799096,3500.47496667
0.0222517393441,3500.10483333
0.0222696987785,3499.73996667
0.022287658213,3499.36803333
0.0223056176475,3498.99606667
0.022323577082,3498.62663333
0.0223415365165,3498.2543
0.022359495951,3497.8793
0.0223774553855,3497.5083
0.0223894283419,3497.25963333
0.0224073877764,3496.8905
0.0224253472109,3496.51323333
0.0224433066454,3496.1488
0.0224612660799,3495.7754
0.0224792255144,3495.40723333
0.0224971849489,3495.0423
0.0225151443834,3494.6695
0.0225331038179,3494.3005
0.0225510632524,3493.93226667
0.0225630362087,3493.68923333
0.0225809956432,3493.3156
0.0225989550777,3492.9513
0.0226169145122,3492.58096667
0.0226348739467,3492.20723333
0.0226528333812,3491.83516667
0.0226707928157,3491.46633333
0.0226887522502,3491.09526667
0.0227067116847,3490.72733333
0.0227246711192,3490.3563
0.0227366440755,3490.10763333
0.02275460351,3489.7356
0.0227725629445,3489.36923333
0.022790522379,3488.99406667
0.0228084818135,3488.62173333
0.022826441248,3488.25433333
0.0228444006825,3487.8794
0.022862360117,3487.5071
0.0228803195515,3487.1372
0.022898278986,3486.774
0.0229102519423,3486.52626667
0.0229282113768,3486.15663333
0.0229461708113,3485.7899
0.0229641302458,3485.43093333
0.0229820896803,3485.06756667
0.0230000491148,3484.6999
0.0230180085493,3484.3291
0.0230359679838,3483.9582
0.0230539274183,3483.58986667
0.0230718868528,3483.22313333
0.0230838598092,3482.9815
0.0231018192437,3482.61833333
0.0231197786782,3482.24606667
0.0231377381127,3481.8759
0.0231556975472,3481.51043333
0.0231736569817,3481.14783333
0.0231916164162,3480.78043333
0.0232095758507,3480.41453333
0.0232275352852,3480.04116667
0.0232454947197,3479.67086667
0.023257467676,3479.4215
0.0232754271105,3479.05693333
0.023293386545,3478.69026667
0.0233113459795,3478.32236667
0.023329305414,3477.95506667
0.0233472648485,3477.58706667
0.023365224283,3477.21816667
0.0233831837175,3476.85066667
0.023401143152,3476.47943333
0.0234191025865,3476.11023333
0.0234310755428,3475.86873333
0.0234490349773,3475.50006667
0.0234669944118,3475.13386667
0.0234849538463,3474.76416667
0.0235029132808,3474.39746667
0.0235208727153,3474.0289
0.0235388321498,3473.66136667
0.0235567915843,3473.28646667
0.0235747510188,3472.9195
0.0235927104533,3472.5537
0.0236106698878,3472.17996667
0.0236226428441,3471.94113333
0.0236406022786,3471.57593333
0.0236585617131,3471.20633333
0.0236765211476,3470.84413333
0.0236944805821,3470.482
0.0237124400166,3470.11456667
0.0237303994511,3469.7506
0.0237483588856,3469.3922
0.0237663183201,3469.02873333
0.0237842777546,3468.65976667
0.0237962507109,3468.40926667
0.0238142101454,3468.03606667
0.0238321695799,3467.66433333
0.0238501290144,3467.2996
0.0238680884489,3466.9402
0.0238860478834,3466.5744
0.0239040073179,3466.2106
0.0239219667524,3465.8355
0.0239399261869,3465.466
0.0239578856214,3465.10136667
0.0239698585778,3464.85386667
0.0239878180123,3464.48
0.0240057774468,3464.10903333
0.0240237368813,3463.7375
0.0240416963158,3463.37013333
0.0240596557503,3463.00386667
0.0240776151848,3462.6365
0.0240955746193,3462.2711
0.0241135340538,3461.9049
0.0241314934883,3461.5409
0.0241434664446,3461.2942
0.0241614258791,3460.93153333
0.0241793853136,3460.56203333
0.0241973447481,3460.19926667
0.0242153041826,3459.83333333
0.0242332636171,3459.46876667
0.0242512230516,3459.1029
0.0242691824861,3458.73626667
0.0242871419206,3458.37006667
0.0243051013551,3458.002
0.0243170743114,3457.75773333
0.0243350337459,3457.39486667
0.0243529931804,3457.02486667
0.0243709526149,3456.65813333
0.0243889120494,3456.29363333
0.0244068714839,3455.93
0.0244248309184,3455.56353333
0.0244427903529,3455.19953333
0.0244607497874,3454.83893333
0.0244787092219,3454.47376667
0.0244906821782,3454.2297
0.0245086416127,3453.8675
0.0245266010472,3453.50306667
0.0245445604817,3453.1472
0.0245625199162,3452.78386667
0.0245804793507,3452.41776667
0.0245984387852,3452.0533
0.0246163982197,3451.6907
0.0246343576542,3451.32173333
0.0246523170887,3450.96033333
0.0246642900451,3450.71236667
0.0246822494796,3450.34543333
0.0247002089141,3449.9855
0.0247181683486,3449.6239
0.0247361277831,3449.2567
0.0247540872176,3448.88456667
0.0247720466521,3448.51676667
0.0247900060866,3448.15363333
0.0248079655211,3447.7927
0.0248259249555,3447.4255
0.02484388439,3447.06233333
0.0248558573464,3446.81866667
0.0248738167809,3446.45533333
0.0248917762154,3446.0865
0.0249097356499,3445.7188
0.0249276950844,3445.3523
0.0249456545189,3444.98666667
0.0249636139534,3444.6238
0.0249815733879,3444.25886667
0.0249995328224,3443.89386667
0.0250174922569,3443.53023333
0.0250294652132,3443.2864
0.0250474246477,3442.92593333
0.0250653840822,3442.56003333
0.0250833435167,3442.19043333
0.0251013029512,3441.8271
0.0251192623857,3441.4626
0.0251372218202,3441.09573333
0.0251551812547,3440.7326
0.0251731406892,3440.37076667
0.0251911001237,3440.01
0.02520307308,3439.7669
0.0252210325145,3439.40113333
0.025238991949,3439.0413
0.0252569513835,3438.68216667
0.025274910818,3438.32216667
0.0252928702525,3437.9526
0.025310829687,3437.58556667
0.0253287891215,3437.21933333
0.025346748556,3436.8549
0.0253647079905,3436.4909
0.0253766809468,3436.24723333
0.0253946403813,3435.88093333
0.0254125998158,3435.5179
0.0254305592503,3435.15296667
0.0254485186848,3434.7918
0.0254664781193,3434.4192
0.0254844375538,3434.06386667
0.0255023969883,3433.703
0.0255203564228,3433.34176667
0.0255383158573,3432.97476667
0.0255502888137,3432.7383
0.0255682482482,3432.37793333
0.0255862076827,3432.0213
0.0256041671172,3431.65343333
0.0256221265517,3431.28663333
0.0256400859862,3430.92796667
0.0256580454207,3430.56623333
0.0256760048552,3430.2105
0.0256939642897,3429.84373333
0.0257119237242,3429.48383333
0.0257238966805,3429.23916667
0.025741856115,3428.87806667
0.0257598155495,3428.52386667
0.025777774984,3428.16106667
0.0257957344185,3427.80333333
0.025813693853,3427.44183333
0.0258316532875,3427.08056667
0.025849612722,3426.7178
0.0258675721565,3426.35843333
0.025885531591,3425.99866667
0.0258975045473,3425.75893333
0.0259154639818,3425.39696667
0.0259334234163,3425.0387
0.0259513828508,3424.6762
0.0259693422853,3424.31456667
0.0259873017198,3423.954
0.0260052611543,3423.58613333
0.0260232205888,3423.22456667
0.0260411800233,3422.86863333
0.0260591394578,3422.50286667
0.0260770988923,3422.1447
0.0260890718486,3421.903
0.0261070312831,3421.53876667
0.0261249907176,3421.18203333
0.0261429501521,3420.81796667
0.0261609095866,3420.44896667
0.0261788690211,3420.09423333
0.0261968284556,3419.73403333
0.0262147878901,3419.37376667
0.0262327473246,3419.01243333
0.0262507067591,3418.64456667
0.0262626797155,3418.4037
0.02628063915,3418.04343333
0.0262985985845,3417.6856
0.026316558019,3417.3208
0.0263345174535,3416.95406667
0.0263524768879,3416.58896667
0.0263704363224,3416.23076667
0.0263883957569,3415.87263333
0.0264063551914,3415.51906667
0.0264243146259,3415.1608
0.0264362875823,3414.91626667
0.0264542470168,3414.55566667
0.0264722064513,3414.19536667
0.0264901658858,3413.83616667
0.0265081253203,3413.47506667
0.0265260847548,3413.1173
0.0265440441893,3412.75916667
0.0265620036238,3412.39946667
0.0265799630583,3412.0451
0.0265979224928,3411.6862
0.0266098954491,3411.4439
0.0266278548836,3411.0819
0.0266458143181,3410.72686667
0.0266637737526,3410.36636667
0.0266817331871,3409.99976667
0.0266996926216,3409.64203333
0.0267176520561,3409.2812
0.0267356114906,3408.91996667
0.0267535709251,3408.56026667
0.0267715303596,3408.1995
0.0267835033159,3407.9575
0.0268014627504,3407.5957
0.0268194221849,3407.23226667
0.0268373816194,3406.8719
0.0268553410539,3406.51136667
0.0268733004884,3406.1492
0.0268912599229,3405.7907
0.0269092193574,3405.4319
0.0269271787919,3405.06586667
0.0269451382264,3404.70286667
0.0269571111827,3404.4701
0.0269750706172,3404.11476667
0.0269930300517,3403.75653333
0.0270109894862,3403.39613333
0.0270289489207,3403.0406
0.0270469083552,3402.68036667
0.0270648677897,3402.3179
0.0270828272242,3401.95406667
0.0271007866587,3401.59516667
0.0271187460932,3401.23753333
0.0271307190496,3400.99566667
0.0271486784841,3400.64033333
0.0271666379186,3400.2837
0.0271845973531,3399.91843333
0.0272025567876,3399.56026667
0.0272205162221,3399.19666667
0.0272384756566,3398.83863333
0.0272564350911,3398.48263333
0.0272743945256,3398.12136667
0.0272923539601,3397.75893333
0.0273103133946,3397.40516667
0.0273222863509,3397.16366667
0.0273402457854,3396.8033
0.0273582052199,3396.44243333
0.0273761646544,3396.0842
0.0273941240889,3395.7253
0.0274120835234,3395.36756667
0.0274300429579,3395.0072
0.0274480023924,3394.65013333
0.0274659618269,3394.28893333
0.0274839212614,3393.93236667
0.0274958942177,3393.68903333
0.0275138536522,3393.33363333
0.0275318130867,3392.97286667
0.0275497725212,3392.6105
0.0275677319557,3392.257
0.0275856913902,3391.89606667
0.0276036508247,3391.5398
0.0276216102592,3391.1836
0.0276395696937,3390.8252
0.0276575291282,3390.4674
0.0276695020845,3390.22803333
0.027687461519,3389.86976667
0.0277054209535,3389.5097
0.027723380388,3389.15313333
0.0277413398225,3388.79826667
0.027759299257,3388.4377
0.0277772586915,3388.0804
0.027795218126,3387.7242
0.0278131775605,3387.37003333
0.027831136995,3387.01616667
0.0278431099514,3386.77626667
0.0278610693859,3386.41416667
0.0278790288204,3386.05683333
0.0278969882548,3385.70036667
0.0279149476893,3385.34506667
0.0279329071238,3384.9841
0.0279508665583,3384.62716667
0.0279688259928,3384.27473333
0.0279867854273,3383.91866667
0.0280047448618,3383.5684
0.0280167178182,3383.331
0.0280346772527,3382.97786667
0.0280526366872,3382.62103333
0.0280705961217,3382.2642
0.0280885555562,3381.911
0.0281065149907,3381.55186667
0.0281244744252,3381.19633333
0.0281424338597,3380.83806667
0.0281603932942,3380.48033333
0.0281783527287,3380.12426667
0.028190325685,3379.886
0.0282082851195,3379.52053333
0.028226244554,3379.16206667
0.0282442039885,3378.80433333
0.028262163423,3378.4507
0.0282801228575,3378.09256667
0.028298082292,3377.73256667
0.0283160417265,3377.37146667
0.028334001161,3377.01256667
0.0283519605955,3376.65823333
0.0283639335518,3376.41866667
0.0283818929863,3376.06156667
0.0283998524208,3375.70686667
0.0284178118553,3375.3459
0.0284357712898,3374.9855
0.0284537307243,3374.63126667
0.0284716901588,3374.2774
0.0284896495933,3373.9164
0.0285076090278,3373.55803333
0.0285255684623,3373.2013
0.0285435278968,3372.83806667
0.0285555008531,3372.59906667
0.0285734602876,3372.24116667
0.0285914197221,3371.8868
0.0286093791566,3371.53053333
0.0286273385911,3371.17066667
0.0286452980256,3370.81336667
0.0286632574601,3370.4608
0.0286812168946,3370.1039
0.0286991763291,3369.745
0.0287171357636,3369.39123333
0.02872910872,3369.15753333
0.0287470681545,3368.8012
0.028765027589,3368.44836667
0.0287829870235,3368.09293333
0.028800946458,3367.74043333
0.0288189058925,3367.38566667
0.028836865327,3367.03076667
0.0288548247615,3366.68213333
0.028872784196,3366.32576667
0.0288907436305,3365.9673
0.0289027165868,3365.73053333
0.0289206760213,3365.3765
0.0289386354558,3365.0178
0.0289565948903,3364.6648
0.0289745543248,3364.3088
0.0289925137593,3363.9521
0.0290104731938,3363.5977
0.0290284326283,3363.24343333
0.0290463920628,3362.89026667
0.0290643514973,3362.53836667
0.0290763244536,3362.3061
0.0290942838881,3361.9497
0.0291122433226,3361.59186667
0.0291302027571,3361.2325
0.0291481621916,3360.87603333
0.0291661216261,3360.51383333
0.0291840810606,3360.1577
0.0292020404951,3359.7966
0.0292199999296,3359.4422
0.0292379593641,3359.0887
0.0292499323204,3358.84863333
0.0292678917549,3358.49563333
0.0292858511894,3358.1452
0.0293038106239,3357.79046667
0.0293217700584,3357.43846667
0.0293397294929,3357.08823333
0.0293576889274,3356.73843333
0.0293756483619,3356.39156667
0.0293936077964,3356.04086667
0.0294115672309,3355.68766667
0.0294235401872,3355.45196667
0.0294414996217,3355.09566667
0.0294594590562,3354.74303333
0.0294774184907,3354.39266667
0.0294953779252,3354.03826667
0.0295133373597,3353.68166667
0.0295312967942,3353.3236
0.0295492562287,3352.96453333
0.0295672156632,3352.6116
0.0295851750977,3352.2618
0.0295971480541,3352.03016667
0.0296151074886,3351.67716667
0.0296330669231,3351.32593333
0.0296510263576,3350.9683
0.0296689857921,3350.6099
0.0296869452266,3350.2593
0.0297049046611,3349.91283333
0.0297228640956,3349.5581
0.0297408235301,3349.20823333
0.0297587829646,3348.86153333
0.0297767423991,3348.50523333
0.0297887153554,3348.2708
0.0298066747899,3347.91993333
0.0298246342244,3347.56563333
0.0298425936589,3347.2147
0.0298605530934,3346.86353333
0.0298785125279,3346.50743333
0.0298964719624,3346.15353333
0.0299144313969,3345.8009
0.0299323908314,3345.44673333
0.0299503502659,3345.10246667
0.0299623232222,3344.86613333
0.0299802826567,3344.51296667
0.0299982420912,3344.15786667
0.0300162015257,3343.80373333
0.0300341609602,3343.44813333
0.0300521203947,3343.09383333
0.0300700798292,3342.7345
0.0300880392637,3342.38303333
0.0301059986982,3342.02643333
0.0301239581327,3341.67863333
0.030135931089,3341.44206667
0.0301538905235,3341.09276667
0.030171849958,3340.73916667
0.0301898093925,3340.3896
0.030207768827,3340.03953333
0.0302257282615,3339.6864
0.030243687696,3339.33083333
0.0302616471305,3338.97836667
0.030279606565,3338.6336
0.0302975659995,3338.28463333
0.0303095389559,3338.04453333
0.0303274983904,3337.69126667
0.0303454578249,3337.33446667
0.0303634172594,3336.98573333
0.0303813766939,3336.63553333
0.0303993361284,3336.2864
0.0304172955629,3335.93043333
0.0304352549974,3335.58206667
0.0304532144318,3335.23196667
0.0304711738663,3334.87913333
0.0304831468227,3334.6417
0.0305011062572,3334.29243333
0.0305190656917,3333.9473
0.0305370251262,3333.5901
0.0305549845607,3333.2385
0.0305729439952,3332.88366667
0.0305909034297,3332.53083333
0.0306088628642,3332.17586667
0.0306268222987,3331.81886667
0.0306447817332,3331.46756667
0.0306567546895,3331.22903333
0.030674714124,3330.8794
0.0306926735585,3330.53213333
0.030710632993,3330.18906667
0.0307285924275,3329.8348
0.030746551862,3329.48066667
0.0307645112965,3329.1304
0.030782470731,3328.78223333
0.0308004301655,3328.43053333
0.0308183896,3328.08153333
0.0308303625563,3327.85166667
0.0308483219908,3327.50066667
0.0308662814253,3327.1532
0.0308842408598,3326.8031
0.0309022002943,3326.44913333
0.0309201597288,3326.09843333
0.0309381191633,3325.7441
0.0309560785978,3325.3946
0.0309740380323,3325.04636667
0.0309919974668,3324.6985
0.0310099569013,3324.34856667
0.0310219298576,3324.11436667
0.0310398892921,3323.76626667
0.0310578487266,3323.4125
0.0310758081611,3323.06376667
0.0310937675956,3322.70993333
0.0311117270301,3322.36173333
0.0311296864646,3322.00986667
0.0311476458991,3321.6565
0.0311656053336,3321.3057
0.0311835647681,3320.95423333
0.0311955377245,3320.71853333
0.031213497159,3320.36723333
0.0312314565935,3320.01296667
0.031249416028,3319.66103333
0.0312673754625,3319.30503333
0.031285334897,3318.95563333
0.0313032943315,3318.6003
0.031321253766,3318.2466
0.0313392132005,3317.8981
0.031357172635,3317.54856667
0.0313691455913,3317.31013333
0.0313871050258,3316.96176667
0.0314050644603,3316.61106667
0.0314230238948,3316.2599
0.0314409833293,3315.91813333
0.0314589427638,3315.5686
0.0314769021983,3315.2174
0.0314948616328,3314.87173333
0.0315128210673,3314.5177
0.0315307805018,3314.1689
0.0315427534581,3313.93496667
0.0315607128926,3313.58386667
0.0315786723271,3313.23496667
0.0315966317616,3312.88896667
0.0316145911961,3312.53266667
0.0316325506306,3312.18436667
0.0316505100651,3311.83783333
0.0316684694996,3311.49003333
0.0316864289341,3311.1389
0.0317043883686,3310.7842
0.0317163613249,3310.55363333
0.0317343207594,3310.20286667
0.0317522801939,3309.84856667
0.0317702396284,3309.50096667
0.0317881990629,3309.15136667
0.0318061584974,3308.79993333
0.0318241179319,3308.45566667
0.0318420773664,3308.1073
0.0318600368009,3307.7642
0.0318779962354,3307.4128
0.0318899691918,3307.17493333
0.0319079286263,3306.82713333
0.0319258880608,3306.4741
0.0319438474953,3306.1286
0.0319618069298,3305.78043333
0.0319797663643,3305.42986667
0.0319977257987,3305.0773
0.0320156852332,3304.72773333
0.0320336446677,3304.38006667
0.0320516041022,3304.0331
0.0320635770586,3303.80186667
0.0320815364931,3303.44853333
0.0320994959276,3303.1002
0.0321174553621,3302.7544
0.0321354147966,3302.40713333
0.0321533742311,3302.05643333
0.0321713336656,3301.70853333
0.0321892931001,3301.35823333
0.0322072525346,3301.0127
0.0322252119691,3300.66796667
0.0322431714036,3300.3209
0.0322551443599,3300.0864
0.0322731037944,3299.74146667
0.0322910632289,3299.39746667
0.0323090226634,3299.0509
0.0323269820979,3298.70556667
0.0323449415324,3298.356
0.0323629009669,3298.0087
0.0323808604014,3297.66176667
0.0323988198359,3297.3107
0.0324167792704,3296.96443333
0.0324287522267,3296.72766667
0.0324467116612,3296.3795
0.0324646710957,3296.03163333
0.0324826305302,3295.6841
0.0325005899647,3295.33873333
0.0325185493992,3294.99733333
0.0325365088337,3294.646
0.0325544682682,3294.2983
0.0325724277027,3293.94896667
0.0325903871372,3293.593
0.0326023600935,3293.36406667
0.032620319528,3293.0099
0.0326382789625,3292.6663
0.032656238397,3292.31466667
0.0326741978315,3291.96846667
0.032692157266,3291.6222
0.0327101167005,3291.27593333
0.032728076135,3290.9263
0.0327460355695,3290.57626667
0.032763995004,3290.23023333
0.0327759679604,3289.9944
0.0327939273949,3289.64743333
0.0328118868294,3289.30026667
0.0328298462639,3288.94633333
0.0328478056984,3288.5986
0.0328657651329,3288.2517
0.0328837245674,3287.90343333
0.0329016840019,3287.56136667
0.0329196434364,3287.2129
0.0329376028709,3286.86513333
0.0329495758272,3286.63616667
0.0329675352617,3286.28666667
0.0329854946962,3285.94066667
0.0330034541307,3285.5943
0.0330214135652,3285.25166667
0.0330393729997,3284.9067
0.0330573324342,3284.5564
0.0330752918687,3284.2081
0.0330932513032,3283.86346667
0.0331112107377,3283.5193
0.033123183694,3283.2904
0.0331411431285,3282.9381
0.033159102563,3282.5929
0.0331770619975,3282.2507
0.033195021432,3281.90303333
0.0332129808665,3281.55356667
0.033230940301,3281.20423333
0.0332488997355,3280.86483333
0.03326685917,3280.51663333
0.0332848186045,3280.17053333
0.0332967915608,3279.94163333
0.0333147509953,3279.59046667
0.0333327104298,3279.24716667
0.0333506698643,3278.90333333
0.0333686292988,3278.554
0.0333865887333,3278.2152
0.0334045481678,3277.8746
0.0334225076023,3277.52756667
0.0334404670368,3277.1753
0.0334584264713,3276.828
0.0334763859058,3276.48226667
0.0334883588622,3276.25353333
0.0335063182967,3275.90556667
0.0335242777311,3275.5584
0.0335422371656,3275.21306667
0.0335601966001,3274.86756667
0.0335781560346,3274.52513333
0.0335961154691,3274.17923333
0.0336140749036,3273.8335
0.0336320343381,3273.486
0.0336499937726,3273.13756667
0.033661966729,3272.90663333
0.0336799261635,3272.56176667
0.033697885598,3272.21506667
0.0337158450325,3271.87236667
0.033733804467,3271.5305
0.0337517639015,3271.1934
0.033769723336,3270.84876667
0.0337876827705,3270.50226667
0.033805642205,3270.1527
0.0338236016395,3269.80896667
0.0338355745958,3269.5778
0.0338535340303,3269.2334
0.0338714934648,3268.88663333
0.0338894528993,3268.5402
0.0339074123338,3268.20093333
0.0339253717683,3267.85653333
0.0339433312028,3267.51126667
0.0339612906373,3267.17096667
0.0339792500718,3266.82506667
0.0339972095063,3266.47526667
0.0340091824626,3266.24126667
0.0340271418971,3265.89573333
0.0340451013316,3265.5518
0.0340630607661,3265.2063
0.0340810202006,3264.86556667
0.0340989796351,3264.519
0.0341169390696,3264.17666667
0.0341348985041,3263.83316667
0.0341528579386,3263.49143333
0.0341708173731,3263.14433333
0.0341827903294,3262.91536667
0.0342007497639,3262.57053333
0.0342187091984,3262.22413333
0.0342366686329,3261.88133333
0.0342546280674,3261.5331
0.0342725875019,3261.1928
0.0342905469364,3260.8493
0.0343085063709,3260.506
0.0343264658054,3260.1606
0.0343444252399,3259.82086667
0.0343563981963,3259.5912
0.0343743576308,3259.2492
0.0343923170653,3258.9037
0.0344102764998,3258.55686667
0.0344282359343,3258.2119
0.0344461953688,3257.86713333
0.0344641548033,3257.51773333
0.0344821142378,3257.17043333
0.0345000736723,3256.82886667
0.0345180331068,3256.48923333
0.0345300060631,3256.25816667
0.0345479654976,3255.91516667
0.0345659249321,3255.5729
0.0345838843666,3255.2328
0.0346018438011,3254.8904
0.0346198032356,3254.54953333
0.0346377626701,3254.20703333
0.0346557221046,3253.85886667
0.0346736815391,3253.50826667
0.0346916409736,3253.16436667
0.0347096004081,3252.81856667
0.0347215733644,3252.58836667
0.0347395327989,3252.24106667
0.0347574922334,3251.89956667
0.0347754516679,3251.5575
0.0347934111024,3251.21696667
0.0348113705369,3250.87876667
0.0348293299714,3250.53716667
0.0348472894059,3250.19833333
0.0348652488404,3249.8499
0.0348832082749,3249.5043
0.0348951812312,3249.27416667
0.0349131406657,3248.93133333
0.0349311001002,3248.58903333
0.0349490595347,3248.2477
0.0349670189692,3247.90276667
0.0349849784037,3247.56293333
0.0350029378382,3247.2196
0.0350208972727,3246.88236667
0.0350388567072,3246.53786667
0.0350568161417,3246.1892
0.035068789098,3245.9651
0.0350867485325,3245.62426667
0.035104707967,3245.27916667
0.0351226674015,3244.93523333
0.035140626836,3244.59223333
0.0351585862705,3244.25223333
0.035176545705,3243.91213333
0.0351945051395,3243.567
0.035212464574,3243.2233
0.0352304240085,3242.87866667
0.0352423969649,3242.65023333
0.0352603563994,3242.31303333
0.0352783158339,3241.97496667
0.0352962752684,3241.63926667
0.0353142347029,3241.29783333
0.0353321941374,3240.95743333
0.0353501535719,3240.6122
0.0353681130064,3240.26736667
0.0353860724409,3239.9286
0.0354040318754,3239.58873333
0.0354160048317,3239.36393333
0.0354339642662,3239.02326667
0.0354519237007,3238.68076667
0.0354698831352,3238.3447
0.0354878425697,3238.0028
0.0355058020042,3237.6637
0.0355237614387,3237.32253333
0.0355417208732,3236.98483333
0.0355596803077,3236.64306667
0.0355776397422,3236.302
0.0355896126985,3236.076
0.035607572133,3235.73153333
0.0356255315675,3235.39283333
0.035643491002,3235.0568
0.0356614504365,3234.7127
0.035679409871,3234.37153333
0.0356973693055,3234.03713333
0.03571532874,3233.69483333
0.0357332881745,3233.35866667
0.035751247609,3233.01926667
0.0357632205653,3232.79313333
0.0357811799998,3232.45033333
0.0357991394343,3232.11113333
0.0358170988688,3231.76743333
0.0358350583033,3231.42833333
0.0358530177378,3231.08623333
0.0358709771723,3230.74563333
0.0358889366068,3230.40226667
0.0359068960413,3230.05746667
0.0359248554758,3229.72153333
0.0359428149103,3229.37936667
0.0359547878667,3229.14803333
0.0359727473012,3228.80616667
0.0359907067357,3228.46926667
0.0360086661702,3228.12583333
0.0360266256047,3227.7877
0.0360445850392,3227.4456
0.0360625444737,3227.10896667
0.0360805039081,3226.76963333
0.0360984633426,3226.42286667
0.0361164227771,3226.09246667
0.0361283957335,3225.8667
0.036146355168,3225.52716667
0.0361643146025,3225.19403333
0.036182274037,3224.85256667
0.0362002334715,3224.5142
0.036218192906,3224.178
0.0362361523405,3223.83626667
0.036254111775,3223.4971
0.0362720712095,3223.15936667
0.036290030644,3222.81543333
0.0363020036003,3222.5893
0.0363199630348,3222.25446667
0.0363379224693,3221.91233333
0.0363558819038,3221.57886667
0.0363738413383,3221.2423
0.0363918007728,3220.89876667
0.0364097602073,3220.55936667
0.0364277196418,3220.22503333
0.0364456790763,3219.88353333
0.0364636385108,3219.5454
0.0364756114671,3219.32016667
0.0364935709016,3218.97596667
0.0365115303361,3218.63406667
0.0365294897706,3218.3016
0.0365474492051,3217.9623
0.0365654086396,3217.6253
0.0365833680741,3217.291
0.0366013275086,3216.95116667
0.0366192869431,3216.60703333
0.0366372463776,3216.269
0.0366492193339,3216.04873333
0.0366671787684,3215.71196667
0.0366851382029,3215.37116667
0.0367030976374,3215.03183333
0.0367210570719,3214.69026667
0.0367390165064,3214.353
0.0367569759409,3214.01516667
0.0367749353754,3213.67676667
0.0367928948099,3213.34176667
0.0368108542444,3213.00926667
0.0368228272008,3212.7814
0.0368407866353,3212.44453333
0.0368587460698,3212.10703333
0.0368767055043,3211.7707
0.0368946649388,3211.42916667
0.0369126243733,3211.0892
0.0369305838078,3210.74876667
0.0369485432423,3210.4087
0.0369665026768,3210.071
0.0369844621113,3209.7341
0.0369964350676,3209.51273333
0.0370143945021,3209.17453333
0.0370323539366,3208.83423333
0.0370503133711,3208.49336667
0.0370682728056,3208.15533333
0.0370862322401,3207.81643333
0.0371041916746,3207.47353333
0.0371221511091,3207.13506667
0.0371401105436,3206.79763333
0.0371580699781,3206.4565
0.0371760294126,3206.1197
0.0371880023689,3205.89186667
0.0372059618034,3205.55713333
0.0372239212379,3205.21466667
0.0372418806724,3204.87783333
0.0372598401069,3204.5407
0.0372777995414,3204.20306667
0.0372957589759,3203.8681
0.0373137184104,3203.52876667
0.0373316778449,3203.1878
0.0373496372794,3202.85206667
0.0373616102357,3202.6282
0.0373795696702,3202.2894
0.0373975291047,3201.95476667
0.0374154885392,3201.61463333
0.0374334479737,3201.2749
0.0374514074082,3200.93743333
0.0374693668427,3200.60056667
0.0374873262772,3200.26756667
0.0375052857117,3199.93023333
0.0375232451462,3199.59573333
0.0375352181026,3199.3756
0.0375531775371,3199.03833333
0.0375711369716,3198.70066667
0.0375890964061,3198.3679
0.0376070558406,3198.02983333
0.037625015275,3197.69226667
0.0376429747095,3197.3541
0.037660934144,3197.01476667
0.0376788935785,3196.6792
0.037696853013,3196.34086667
0.0377088259694,3196.11446667
0.0377267854039,3195.7806
0.0377447448384,3195.44503333
0.0377627042729,3195.11493333
0.0377806637074,3194.77396667
0.0377986231419,3194.4317
0.0378165825764,3194.10013333
0.0378345420109,3193.76346667
0.0378525014454,3193.42616667
0.0378704608799,3193.09403333
0.0378824338362,3192.8686
0.0379003932707,3192.53236667
0.0379183527052,3192.18956667
0.0379363121397,3191.85373333
0.0379542715742,3191.5189
0.0379722310087,3191.1822
0.0379901904432,3190.84833333
0.0380081498777,3190.515
0.0380261093122,3190.17826667
0.0380440687467,3189.8459
0.038056041703,3189.62043333
0.0380740011375,3189.2879
0.038091960572,3188.95426667
0.0381099200065,3188.62313333
0.038127879441,3188.2842
0.0381458388755,3187.9467
0.03816379831,3187.60893333
0.0381817577445,3187.275
0.038199717179,3186.93663333
0.0382176766135,3186.60123333
0.0382296495698,3186.3803
0.0382476090043,3186.04503333
0.0382655684388,3185.71533333
0.0382835278733,3185.38016667
0.0383014873078,3185.0431
0.0383194467423,3184.709
0.0383374061768,3184.37283333
0.0383553656113,3184.0368
0.0383733250458,3183.702
0.0383912844803,3183.3631
0.0384092439148,3183.0255
0.0384212168712,3182.7998
0.0384391763057,3182.46993333
0.0384571357402,3182.1395
0.0384750951747,3181.80343333
0.0384930546092,3181.4663
0.0385110140437,3181.12763333
0.0385289734782,3180.78873333
0.0385469329127,3180.44713333
0.0385648923472,3180.10913333
0.0385828517817,3179.771
0.038594824738,3179.5487
0.0386127841725,3179.21686667
0.038630743607,3178.8851
0.0386487030415,3178.54826667
0.038666662476,3178.2095
0.0386846219105,3177.88053333
0.038702581345,3177.5456
0.0387205407795,3177.2079
0.038738500214,3176.874
0.0387564596485,3176.54246667
0.0387684326048,3176.32303333
0.0387863920393,3175.98693333
0.0388043514738,3175.64883333
0.0388223109083,3175.32116667
0.0388402703428,3174.97946667
0.0388582297773,3174.64686667
0.0388761892118,3174.31143333
0.0388941486463,3173.97653333
0.0389121080808,3173.63786667
0.0389300675153,3173.30676667
0.0389420404716,3173.08256667
0.0389599999061,3172.7457
0.0389779593406,3172.41
0.0389959187751,3172.0773
0.0390138782096,3171.74356667
0.0390318376441,3171.41403333
0.0390497970786,3171.07996667
0.0390677565131,3170.75266667
0.0390857159476,3170.41186667
0.0391036753821,3170.08236667
0.0391156483385,3169.86126667
0.039133607773,3169.5286
0.0391515672074,3169.19446667
0.0391695266419,3168.86363333
0.0391874860764,3168.5287
0.0392054455109,3168.19283333
0.0392234049454,3167.8656
0.0392413643799,3167.5299
0.0392593238144,3167.19243333
0.0392772832489,3166.85386667
0.0392892562053,3166.63086667
0.0393072156398,3166.30553333
0.0393251750743,3165.97223333
0.0393431345088,3165.63903333
0.0393610939433,3165.30383333
0.0393790533778,3164.97196667
0.0393970128123,3164.6389
0.0394149722468,3164.30453333
0.0394329316813,3163.97373333
0.0394508911158,3163.637
0.0394628640721,3163.4142
0.0394808235066,3163.0784
0.0394987829411,3162.745
0.0395167423756,3162.4114
0.0395347018101,3162.08503333
0.0395526612446,3161.75053333
0.0395706206791,3161.42616667
0.0395885801136,3161.0943
0.0396065395481,3160.76
0.0396244989826,3160.42506667
0.0396424584171,3160.09123333
0.0396544313734,3159.8721
0.0396723908079,3159.5376
0.0396903502424,3159.20183333
0.0397083096769,3158.86603333
0.0397262691114,3158.53606667
0.0397442285459,3158.20753333
0.0397621879804,3157.87576667
0.0397801474149,3157.53856667
0.0397981068494,3157.20556667
0.0398160662839,3156.8704
0.0398280392402,3156.6455
0.0398459986747,3156.31206667
0.0398639581092,3155.97756667
0.0398819175437,3155.6458
0.0398998769782,3155.30856667
0.0399178364127,3154.97666667
0.0399357958472,3154.6456
0.0399537552817,3154.31073333
0.0399717147162,3153.97476667
0.0399896741507,3153.6434
0.0400016471071,3153.4266
0.0400196065416,3153.09876667
0.0400375659761,3152.76426667
0.0400555254106,3152.4254
0.0400734848451,3152.09103333
0.0400914442796,3151.76356667
0.0401094037141,3151.4347
0.0401273631486,3151.11173333
0.0401453225831,3150.7841
0.0401632820176,3150.449
0.0401752549739,3150.22426667
0.0401932144084,3149.89376667
0.0402111738429,3149.56356667
0.0402291332774,3149.22773333
0.0402470927119,3148.89263333
0.0402650521464,3148.56116667
0.0402830115809,3148.2322
0.0403009710154,3147.90323333
0.0403189304499,3147.57063333
0.0403368898844,3147.23983333
0.0403488628407,3147.02283333
0.0403668222752,3146.69043333
0.0403847817097,3146.35546667
0.0404027411442,3146.0295
0.0404207005787,3145.69986667
0.0404386600132,3145.37063333
0.0404566194477,3145.0395
0.0404745788822,3144.7062
0.0404925383167,3144.37303333
0.0405104977512,3144.04343333
0.0405224707075,3143.82423333
0.040540430142,3143.49586667
0.0405583895765,3143.1691
0.040576349011,3142.84086667
0.0405943084455,3142.50706667
0.04061226788,3142.1717
0.0406302273145,3141.8413
0.040648186749,3141.51046667
0.0406661461835,3141.18253333
0.040684105618,3140.85916667
0.0406960785743,3140.63563333
0.0407140380088,3140.3072
0.0407319974433,3139.97746667
0.0407499568778,3139.6388
0.0407679163123,3139.30796667
0.0407858757468,3138.982
0.0408038351813,3138.66086667
0.0408217946158,3138.33606667
0.0408397540503,3138.00736667
0.0408577134848,3137.67443333
0.0408756729193,3137.34293333
0.0408876458757,3137.1215
0.0409056053102,3136.7907
0.0409235647447,3136.46223333
0.0409415241792,3136.13246667
0.0409594836137,3135.8055
0.0409774430482,3135.4745
0.0409954024827,3135.14273333
0.0410133619172,3134.8125
0.0410313213517,3134.48826667
0.0410492807862,3134.15993333
0.0410612537425,3133.9389
0.041079213177,3133.6097
0.0410971726115,3133.27976667
0.041115132046,3132.94353333
0.0411330914805,3132.61393333
0.041151050915,3132.28153333
0.0411690103495,3131.95136667
0.041186969784,3131.62883333
0.0412049292185,3131.3021
0.041222888653,3130.97336667
0.0412348616093,3130.75073333
0.0412528210438,3130.4221
0.0412707804783,3130.094
0.0412887399128,3129.7634
0.0413066993473,3129.4397
0.0413246587818,3129.10933333
0.0413426182163,3128.7822
0.0413605776508,3128.45386667
0.0413785370853,3128.12976667
0.0413964965198,3127.80246667
0.0414084694761,3127.5878
0.0414264289106,3127.25953333
0.0414443883451,3126.93483333
0.0414623477796,3126.6112
0.0414803072141,3126.28853333
0.0414982666486,3125.96146667
0.0415162260831,3125.6328
0.0415341855176,3125.30596667
0.0415521449521,3124.97663333
0.0415701043866,3124.64823333
0.041582077343,3124.4344
0.0416000367775,3124.10816667
0.041617996212,3123.7786
0.0416359556465,3123.45143333
0.041653915081,3123.1267
0.0416718745155,3122.79626667
0.04168983395,3122.47156667
0.0417077933845,3122.13493333
0.0417257528189,3121.80296667
0.0417437122534,3121.4742
0.0417556852098,3121.26096667
0.0417736446443,3120.9327
0.0417916040788,3120.60013333
0.0418095635133,3120.273
0.0418275229478,3119.94596667
0.0418454823823,3119.6157
0.0418634418168,3119.2904
0.0418814012513,3118.96696667
0.0418993606858,3118.63816667
0.0419173201203,3118.31133333
0.0419292930766,3118.0924
0.0419472525111,3117.76583333
0.0419652119456,3117.4365
0.0419831713801,3117.1122
0.0420011308146,3116.78856667
0.0420190902491,3116.46
0.0420370496836,3116.1319
0.0420550091181,3115.7992
0.0420729685526,3115.47086667
0.0420909279871,3115.14363333
0.0421088874216,3114.81483333
0.0421208603779,3114.5956
0.0421388198124,3114.275
0.0421567792469,3113.94993333
0.0421747386814,3113.6222
0.0421926981159,3113.29326667
0.0422106575504,3112.96
0.0422286169849,3112.63126667
0.0422465764194,3112.30276667
0.0422645358539,3111.97773333
0.0422824952884,3111.64553333
0.0422944682447,3111.4266
0.0423124276792,3111.10063333
0.0423303871137,3110.77386667
0.0423483465482,3110.4426
0.0423663059827,3110.11123333
0.0423842654172,3109.7846
0.0424022248517,3109.4534
0.0424201842862,3109.13123333
0.0424381437207,3108.8052
0.0424561031552,3108.47636667
0.0424680761116,3108.26073333
0.0424860355461,3107.92833333
0.0425039949806,3107.5996
0.0425219544151,3107.27343333
0.0425399138496,3106.94616667
0.0425578732841,3106.61933333
0.0425758327186,3106.29876667
0.0425937921531,3105.97473333
0.0426117515876,3105.64353333
0.0426297110221,3105.31986667
0.0426416839784,3105.099
0.0426596434129,3104.771
0.0426776028474,3104.4434
0.0426955622819,3104.11696667
0.0427135217164,3103.78913333
0.0427314811509,3103.46323333
0.0427494405854,3103.13376667
0.0427674000199,3102.8059
0.0427853594544,3102.47773333
0.0428033188889,3102.14826667
0.0428152918452,3101.93463333
0.0428332512797,3101.61223333
0.0428512107142,3101.2814
0.0428691701487,3100.9552
0.0428871295832,3100.63203333
0.0429050890177,3100.3058
0.0429230484522,3099.984
0.0429410078867,3099.65583333
0.0429589673212,3099.3293
0.0429769267557,3099.00016667
0.042988899712,3098.7813
0.0430068591465,3098.4542
0.043024818581,3098.12596667
0.0430427780155,3097.79936667
0.04306073745,3097.47133333
0.0430786968845,3097.14443333
0.043096656319,3096.81603333
0.0431146157535,3096.4913
0.043132575188,3096.163
0.0431505346225,3095.83593333
0.0431625075789,3095.61973333
0.0431804670134,3095.28956667
0.0431984264479,3094.96836667
0.0432163858824,3094.64726667
0.0432343453169,3094.3279
0.0432523047513,3094.0038
0.0432702641858,3093.6769
0.0432882236203,3093.351
0.0433061830548,3093.0266
0.0433241424893,3092.6958
0.0433421019238,3092.37006667
0.0433540748802,3092.15106667
0.0433720343147,3091.82546667
0.0433899937492,3091.49916667
0.0434079531837,3091.17293333
0.0434259126182,3090.8563
0.0434438720527,3090.52716667
0.0434618314872,3090.19693333
0.0434797909217,3089.87023333
0.0434977503562,3089.54366667
0.0435157097907,3089.2213
0.043527682747,3089.00333333
0.0435456421815,3088.67743333
0.043563601616,3088.3528
0.0435815610505,3088.02643333
0.043599520485,3087.69903333
0.0436174799195,3087.38096667
0.043635439354,3087.06016667
0.0436533987885,3086.7375
0.043671358223,3086.40806667
0.0436893176575,3086.0855
0.0437012906138,3085.86766667
0.0437192500483,3085.53783333
0.0437372094828,3085.21653333
0.0437551689173,3084.8931
0.0437731283518,3084.57063333
0.0437910877863,3084.24716667
0.0438090472208,3083.921
0.0438270066553,3083.59183333
0.0438449660898,3083.2681
0.0438629255243,3082.94433333
0.0438748984806,3082.72543333
0.0438928579151,3082.40633333
0.0439108173496,3082.08016667
0.0439287767841,3081.7551
0.0439467362186,3081.4263
0.0439646956531,3081.0993
0.0439826550876,3080.7712
0.0440006145221,3080.44453333
0.0440185739566,3080.125
0.0440365333911,3079.8009
0.0440485063475,3079.58323333
0.044066465782,3079.26486667
0.0440844252165,3078.93633333
0.044102384651,3078.61686667
0.0441203440855,3078.29563333
0.04413830352,3077.96663333
0.0441562629545,3077.6471
0.044174222389,3077.32236667
0.0441921818235,3076.9998
0.044210141258,3076.6797
0.0442221142143,3076.4596
0.0442400736488,3076.13486667
0.0442580330833,3075.80743333
0.0442759925178,3075.48586667
0.0442939519523,3075.15816667
0.0443119113868,3074.83296667
0.0443298708213,3074.5069
0.0443478302558,3074.17886667
0.0443657896903,3073.84953333
0.0443837491248,3073.52716667
0.0443957220811,3073.31613333
0.0444136815156,3072.99183333
0.0444316409501,3072.67243333
0.0444496003846,3072.34723333
0.0444675598191,3072.02156667
0.0444855192536,3071.70613333
0.0445034786881,3071.38533333
0.0445214381226,3071.0625
0.0445393975571,3070.73646667
0.0445573569916,3070.41303333
0.0445753164261,3070.09176667
0.0445872893824,3069.87333333
0.0446052488169,3069.54836667
0.0446232082514,3069.22033333
0.0446411676859,3068.9046
0.0446591271204,3068.5831
0.0446770865549,3068.25793333
0.0446950459894,3067.93803333
0.0447130054239,3067.61786667
0.0447309648584,3067.29576667
0.0447489242929,3066.97413333
0.0447608972493,3066.75596667
0.0447788566838,3066.4339
0.0447968161182,3066.10603333
0.0448147755527,3065.78626667
0.0448327349872,3065.46023333
0.0448506944217,3065.13816667
0.0448686538562,3064.81276667
0.0448866132907,3064.48713333
0.0449045727252,3064.16526667
0.0449225321597,3063.8383
0.0449345051161,3063.61993333
0.0449524645506,3063.3005
0.0449704239851,3062.9744
0.0449883834196,3062.6565
0.0450063428541,3062.32866667
0.0450243022886,3062.00396667
0.0450422617231,3061.67793333
0.0450602211576,3061.35536667
0.0450781805921,3061.03763333
0.0450961400266,3060.71353333
0.0451081129829,3060.49706667
0.0451260724174,3060.17503333
0.0451440318519,3059.8508
0.0451619912864,3059.52583333
0.0451799507209,3059.2041
0.0451979101554,3058.87946667
0.0452158695899,3058.56493333
0.0452338290244,3058.23793333
0.0452517884589,3057.91503333
0.0452697478934,3057.58996667
0.0452817208497,3057.37
0.0452996802842,3057.04893333
0.0453176397187,3056.7252
0.0453355991532,3056.40763333
0.0453535585877,3056.08996667
0.0453715180222,3055.76173333
0.0453894774567,3055.44603333
0.0454074368912,3055.12446667
0.0454253963257,3054.8023
0.0454433557602,3054.4854
0.0454553287165,3054.27013333
0.045473288151,3053.94603333
0.0454912475855,3053.62553333
0.04550920702,3053.30846667
0.0455271664545,3052.99473333
0.045545125889,3052.67366667
0.0455630853235,3052.35033333
0.045581044758,3052.0289
0.0455990041925,3051.7119
0.045616963627,3051.3884
0.0456289365834,3051.17546667
0.0456468960179,3050.8518
0.0456648554524,3050.53433333
0.0456828148869,3050.20663333
0.0457007743214,3049.88333333
0.0457187337559,3049.5653
0.0457366931904,3049.2504
0.0457546526249,3048.93203333
0.0457726120594,3048.60763333
0.0457905714939,3048.2833
0.0458085309283,3047.9605
0.0458205038847,3047.74706667
0.0458384633192,3047.42683333
0.0458564227537,3047.10466667
0.0458743821882,3046.7881
0.0458923416227,3046.47296667
0.0459103010572,3046.15153333
0.0459282604917,3045.82923333
0.0459462199262,3045.50956667
0.0459641793607,3045.18386667
0.0459821387952,3044.86976667
0.0459941117515,3044.65566667
0.046012071186,3044.33803333
0.0460300306205,3044.02643333
0.046047990055,3043.70863333
0.0460659494895,3043.3849
0.046083908924,3043.06706667
0.0461018683585,3042.74086667
0.046119827793,3042.41793333
0.0461377872275,3042.09676667
0.046155746662,3041.7765
0.0461677196183,3041.55956667
0.0461856790528,3041.2392
0.0462036384873,3040.9143
0.0462215979218,3040.59153333
0.0462395573563,3040.26763333
0.0462575167908,3039.94476667
0.0462754762253,3039.62566667
0.0462934356598,3039.3053
0.0463113950943,3038.98766667
0.0463293545288,3038.6653
0.0463413274851,3038.44876667
0.0463592869196,3038.12466667
0.0463772463541,3037.80553333
0.0463952057886,3037.47766667
0.0464131652231,3037.15616667
0.0464311246576,3036.84026667
0.0464490840921,3036.52346667
0.0464670435266,3036.20533333
0.0464850029611,3035.88906667
0.0465029623956,3035.57113333
0.046514935352,3035.35743333
0.0465328947865,3035.04193333
0.046550854221,3034.72796667
0.0465688136555,3034.40713333
0.04658677309,3034.08513333
0.0466047325245,3033.76873333
0.046622691959,3033.452
0.0466406513935,3033.1362
0.046658610828,3032.81816667
0.0466765702625,3032.49086667
0.0466885432188,3032.27683333
0.0467065026533,3031.9585
0.0467244620878,3031.64103333
0.0467424215223,3031.3238
0.0467603809568,3031.00983333
0.0467783403913,3030.69293333
0.0467962998258,3030.3764
0.0468142592603,3030.05666667
0.0468322186948,3029.73953333
0.0468501781293,3029.4226
0.0468621510856,3029.21363333
0.0468801105201,3028.89583333
0.0468980699546,3028.58693333
0.0469160293891,3028.271
0.0469339888236,3027.9539
0.0469519482581,3027.63393333
0.0469699076926,3027.3119
0.0469878671271,3026.9952
0.0470058265616,3026.67983333
0.0470237859961,3026.3575
0.0470417454306,3026.03786667
0.0470537183869,3025.82313333
0.0470716778214,3025.50203333
0.0470896372559,3025.1862
0.0471075966904,3024.8682
0.0471255561249,3024.54963333
0.0471435155594,3024.23466667
0.0471614749939,3023.91553333
0.0471794344284,3023.59586667
0.0471973938629,3023.27903333
0.0472153532974,3022.9571
0.0472273262538,3022.74796667
0.0472452856883,3022.43186667
0.0472632451228,3022.10986667
0.0472812045573,3021.7907
0.0472991639918,3021.4754
0.0473171234263,3021.16466667
0.0473350828608,3020.84916667
0.0473530422952,3020.52496667
0.0473710017297,3020.21086667
0.0473889611642,3019.8923
0.0474009341206,3019.678
0.0474188935551,3019.36106667
0.0474368529896,3019.04016667
0.0474548124241,3018.72203333
0.0474727718586,3018.4049
0.0474907312931,3018.08383333
0.0475086907276,3017.76483333
0.0475266501621,3017.45316667
0.0475446095966,3017.13556667
0.0475625690311,3016.8192
0.0475745419874,3016.60946667
0.0475925014219,3016.2916
0.0476104608564,3015.973
0.0476284202909,3015.65583333
0.0476463797254,3015.3366
0.0476643391599,3015.01653333
0.0476822985944,3014.69513333
0.0477002580289,3014.37653333
0.0477182174634,3014.0652
0.0477361768979,3013.74646667
0.0477481498542,3013.53396667
0.0477661092887,3013.21616667
0.0477840687232,3012.90006667
0.0478020281577,3012.5874
0.0478199875922,3012.26906667
0.0478379470267,3011.94756667
0.0478559064612,3011.63336667
0.0478738658957,3011.3156
0.0478918253302,3010.9948
0.0479097847647,3010.67733333
0.047921757721,3010.46713333
0.0479397171555,3010.15393333
0.04795767659,3009.83293333
0.0479756360245,3009.5182
0.047993595459,3009.2063
0.0480115548935,3008.89766667
0.048029514328,3008.57
0.0480474737625,3008.25086667
0.048065433197,3007.935
0.0480833926315,3007.62456667
0.0480953655879,3007.4183
0.0481133250224,3007.10306667
0.0481312844569,3006.7867
0.0481492438914,3006.47246667
0.0481672033259,3006.15396667
0.0481851627604,3005.83786667
0.0482031221949,3005.5191
0.0482210816294,3005.20743333
0.0482390410639,3004.89816667
0.0482570004984,3004.5831
0.0482749599329,3004.26363333
0.0482869328892,3004.051
0.0483048923237,3003.7358
0.0483228517582,3003.4253
0.0483408111927,3003.10993333
0.0483587706272,3002.7968
0.0483767300617,3002.4794
0.0483946894962,3002.1646
0.0484126489307,3001.8495
0.0484306083652,3001.54
0.0484485677997,3001.22266667
0.048460540756,3001.01613333
0.0484785001905,3000.7003
0.048496459625,3000.38246667
0.0485144190595,3000.06206667
0.048532378494,2999.74813333
0.0485503379285,2999.4311
0.048568297363,2999.11556667
0.0485862567975,2998.79793333
0.048604216232,2998.47736667
0.0486221756665,2998.16043333
0.0486341486228,2997.94956667
0.0486521080573,2997.63496667
0.0486700674918,2997.31473333
0.0486880269263,2996.99156667
0.0487059863608,2996.67793333
0.0487239457953,2996.3594
0.0487419052298,2996.04273333
0.0487598646643,2995.7299
0.0487778240988,2995.41126667
0.0487957835333,2995.09643333
0.0488077564897,2994.88723333
0.0488257159242,2994.57263333
0.0488436753587,2994.26043333
0.0488616347932,2993.94983333
0.0488795942276,2993.63333333
0.0488975536621,2993.32433333
0.0489155130966,2993.007
0.0489334725311,2992.69106667
0.0489514319656,2992.38153333
0.0489693914001,2992.06903333
0.0489813643565,2991.859
0.048999323791,2991.54406667
0.0490172832255,2991.22803333
0.04903524266,2990.91123333
0.0490532020945,2990.5958
0.049071161529,2990.27926667
0.0490891209635,2989.9702
0.049107080398,2989.65353333
0.0491250398325,2989.3343
0.049142999267,2989.01396667
0.0491549722233,2988.80546667
0.0491729316578,2988.49603333
0.0491908910923,2988.18096667
0.0492088505268,2987.8633
0.0492268099613,2987.54886667
0.0492447693958,2987.23653333
0.0492627288303,2986.9209
0.0492806882648,2986.60816667
0.0492986476993,2986.3019
0.0493166071338,2985.9904
0.0493285800901,2985.78103333
0.0493465395246,2985.46513333
0.0493644989591,2985.14966667
0.0493824583936,2984.83466667
0.0494004178281,2984.51536667
0.0494183772626,2984.2028
0.0494363366971,2983.88373333
0.0494542961316,2983.5679
0.0494722555661,2983.25566667
0.0494902150006,2982.94306667
0.0495081744351,2982.63093333
0.0495201473914,2982.41996667
0.0495381068259,2982.11493333
0.0495560662604,2981.7981
0.0495740256949,2981.48486667
0.0495919851294,2981.16843333
0.0496099445639,2980.85306667
0.0496279039984,2980.53986667
0.0496458634329,2980.22656667
0.0496638228674,2979.90953333
0.0496817823019,2979.5905
0.0496937552583,2979.38236667
0.0497117146928,2979.06356667
0.0497296741273,2978.75076667
0.0497476335618,2978.4389
0.0497655929963,2978.12773333
0.0497835524308,2977.81066667
0.0498015118653,2977.4966
0.0498194712998,2977.1864
0.0498374307343,2976.87006667
0.0498553901688,2976.5557
0.0498673631251,2976.34886667
0.0498853225596,2976.03156667
0.0499032819941,2975.72513333
0.0499212414286,2975.41406667
0.0499392008631,2975.10553333
0.0499571602976,2974.78863333
0.0499751197321,2974.47423333
0.0499930791666,2974.16346667
