0.0440234525252
0.0303040814087
0.0286649807341
0.0282017936602
0.0278752989622
0.0276694212914
0.0275403065002
0.0274966069395
0.0274107956702
0.02732636497
0.0273215167242
0.0274543841345
0.027381946631
0.0273866707702
0.02730358482
0.0272438973693
0.0272736871702
0.0271918102392
0.0272902093399
0.0273176830804
0.0272251980873
0.0273474723956
0.0274295136049
0.0275667853978
0.0275966925179
0.027549075133
0.0275623968464
0.0275450131324
0.0277195969295
0.0275424328696
0.027484632632
0.0276377570674
0.0276343444125
0.027864391577
0.0278769029977
0.0279777248963
0.027886261661
0.027654197417
0.0278644518264
0.0280464459591
0.0280196478443
0.0280171003599
0.0282435980299
0.0280618904417
0.028198791803
0.0282306111688
0.0282865704302
0.0280245030875
0.0281832956724
0.0285272979135
0.0283320949702
0.0282536823342
0.0284095880854
0.0284951149779
0.0283087873659
0.028479634847
0.0284011863609
0.0284617348831
0.0287482932806
0.0287239761062
0.0286306248777
0.0287521029811
0.0288502111567
0.0288219728595
0.0288904773888
0.0289922946171
0.0290837337991
0.0289793485126
0.0288791402722
0.0291463681237
0.0289742102186
0.0291797429925
0.0292786366361
0.029318628512
0.0293581749997
0.0292457879162
0.0293018844793
0.0295433659882
0.0294565793193
0.0295123137001
0.0297191886624
0.0296014440766
0.0293615212084
0.0295958795815
0.0299150085445
0.029764984871
0.0297285945479
0.029782480393
0.0299577293573
0.029920382864
0.0301125730546
0.0301270349158
0.0299184244878
0.0302029591946
0.0302108305631
0.0302232096718
0.0304154393306
0.0305024024429
0.0303469953795
0.0302328605151
0.030507360086
0.0305642280795
0.0305055921973
0.030520955242
0.0306023570104
0.0308163521849
0.030817202131
0.0308940289935
0.0309317724406
0.0308265850012
0.0308685023703
0.0309924058529
0.0310614385046
0.0310971698503
0.031225778946
0.0312592701947
0.0311989699585
0.0312345394932
0.0313945165798
0.0312427687848
0.0313461937802
0.0315999308292
0.031599266816
0.0315846386761
0.0315942520854
0.0316858657511
0.0314342270529
0.0317178515744
0.0314710480223
0.0317382491624
0.0319310476676
0.0318067817988
0.0318602657556
0.0319784299064
0.0319430853369
0.0320285994471
0.032100186927
0.0320709203098
0.0321271076072
0.0322776830448
0.0322572108864
0.032342017549
0.0323012391594
0.0324085924164
0.0325667794336
0.0324536479553
0.0325298511705
0.032616756842
0.0327291297951
0.0328060663126
0.0328060172645
0.0329108992845
0.0328772204357
0.0329835950265
0.0331082862318
0.033169339778
0.0330757912068
0.0332630002672
0.0332293032521
0.0331223845474
0.0333356850844
0.0335500038673
0.0333693968536
0.033260891095
0.0333569094768
0.0335190824178
0.0335125227568
0.0336396261498
0.0337579042118
0.0337421180284
0.0336561711476
0.0339562726882
0.0341368798443
0.0338588912563
0.0340543703048
0.0342332650666
0.0341899350351
0.0342137796553
0.0342555252258
0.0343865108985
0.034526364002
0.0345386805771
0.0345426466054
0.0343153031037
0.0345302106721
0.0345614599574
0.0344600079774
0.0346144372356
0.0346670474784
0.0346319957133
0.0346634121254
0.0493272594163
