0.0285902963205
0.0198928587095
0.0192462661011
0.0189912303857
0.0188876935958
0.0188955193341
0.018991779384
0.0188399205782
0.0187860558552
0.0187666704766
0.0186808756393
0.0186413973401
0.0185785282246
0.0187354569879
0.0188501783972
0.0186860764276
0.0187406871805
0.0188466482542
0.0188811232353
0.0187860807678
0.0188555802867
0.0188138664689
0.0188861896738
0.0187819459309
0.018773838036
0.018745991388
0.0189471607265
0.0188837370518
0.0186790682219
0.0187870561054
0.0188732510577
0.0187983286678
0.0187813029913
0.0188324805222
0.0187363192003
0.0188489492226
0.0189034885476
0.0189754003178
0.0188658633986
0.0189527003437
0.018885534705
0.018968166114
0.0188820361143
0.0188938631667
0.0189967833134
0.0190287771686
0.0190906728982
0.0190032096099
0.019129510641
0.0191592402971
0.0191344758857
0.0192710937677
0.0189503793946
0.0190054215756
0.0190812502847
0.0189683005975
0.0190910842371
0.0191422143207
0.0191467410548
0.0192401825735
0.0191971021993
0.0191715715761
0.0192518546926
0.0192865282643
0.0191741256798
0.0193546233939
0.0193281587558
0.0193287185256
0.0193698953096
0.0194331978232
0.0193833276958
0.0192940283403
0.0193913642782
0.0192535191235
0.0194143093972
0.0194575793086
0.019365012656
0.0194449947775
0.019492121102
0.0197162532213
0.0195826643174
0.0195022807622
0.0194914265219
0.0194129418828
0.0194422062918
0.019417673754
0.0195419371605
0.0196047070429
0.0195665391292
0.0195483634047
0.0195264721665
0.0196264458863
0.0196617786686
0.0195898568147
0.0196128552365
0.0198260305172
0.0196700538001
0.0196590270948
0.0196697387163
0.0195590754544
0.019799007554
0.0198020154456
0.0197129559858
0.0198871851947
0.0196945047335
0.0198742690709
0.0198746573339
0.0198663944099
0.0197823555872
0.0198746941506
0.0199660950885
0.0198979945729
0.0198076314033
0.0198206378733
0.0198345526805
0.0199139852321
0.0199102201563
0.019958404863
0.0199362259
0.0199669724986
0.0200291249003
0.0201407474637
0.0201077820972
0.0200982880739
0.0200759060394
0.0200775424792
0.0201275322664
0.0201898461892
0.0201159602082
0.0203073368453
0.0203849929912
0.0202738976219
0.020268936751
0.0202351394661
0.0202740837489
0.0202052445357
0.0202211265332
0.0202148443438
0.0201936892755
0.0204484804693
0.0204252391714
0.0203098921391
0.0203330492976
0.0203040985818
0.0203979548547
0.0203520938642
0.0204223331034
0.0204328228503
0.0204654528696
0.0204316758706
0.0205272412541
0.0205685897745
0.0205901678184
0.0205008852606
0.0203751528318
0.0205641317954
0.0205041205326
0.0206327053666
0.0206322095793
0.0204640913069
0.0205044618498
0.0206916083315
0.0207848048285
0.0207913611712
0.0207001793414
0.020698755723
0.02081078665
0.0208808318669
0.0209198919933
0.0208742276406
0.0205910259587
0.0206952620103
0.0209163828738
0.0208749271184
0.0209153480594
0.0208433138535
0.0208780092731
0.0210526302366
0.0209586854982
0.0209149009831
0.0207787298327
0.0208479300754
0.0209576416469
0.0210212587449
0.0209258068818
0.0209068085711
0.0210131410462
0.0209227212778
0.0210479697486
0.0210986938498
0.0211922864283
0.0299693476226
