0.000000000000000000e+00,0.000000000000000000e+00
1.666666666666666747e-05,2.009060260167774747e-05
1.666666666666665730e-05,2.009060260167774747e-05
2.209863497752947753e-05,2.593114971275808318e-05
2.930098007220537250e-05,3.338607998685494383e-05
3.885069978597184760e-05,4.342325431821426830e-05
5.151284599150650080e-05,5.667350031196674619e-05
6.830181481319970915e-05,7.446950114388732839e-05
9.056261243158301782e-05,9.826079357671543358e-05
1.200786068842215313e-04,1.304825672135227483e-04
1.592143981286802757e-04,1.717232845540564066e-04
2.111052520447653541e-04,2.262790539159331531e-04
2.799082744065978039e-04,2.974882595876884167e-04
3.711354469980938974e-04,3.954099925022433633e-04
4.920952062259867105e-04,5.217508463408699693e-04
6.524779401948099669e-04,6.905021768043882518e-04
8.651323098753252797e-04,9.125598206124060051e-04
1.147094587392104553e-03,1.209642291001389140e-03
1.520953474288675193e-03,1.601706663590589646e-03
2.016659738766640817e-03,2.122384085820727857e-03
2.673925646453038409e-03,2.810528183106751621e-03
3.545406409081212559e-03,3.723619105544051424e-03
4.700918524876758486e-03,4.935997126723093952e-03
6.233032952421465808e-03,6.545030751403853493e-03
8.264491201108493251e-03,8.664718011636351677e-03
1.095803845969805200e-02,1.148313396915938422e-02
1.452946151943578998e-02,1.521017846125876337e-02
1.926487599228434919e-02,2.023596947754941269e-02
2.554364774645175723e-02,2.696548393918569986e-02
3.386878485260586685e-02,3.579312741515169871e-02
4.490723481541301909e-02,4.734904037093927431e-02
5.954331540216090818e-02,6.263506484972096444e-02
7.894955954545580801e-02,8.291962497094391982e-02
1.046806498819052994e-01,1.098163474078462792e-01
1.387979682570474327e-01,1.454900776169279208e-01
1.840347381681128047e-01,1.928939532201149609e-01
2.440149901177403324e-01,2.555541772448352567e-01
3.235438917394445335e-01,3.383715090121975355e-01
4.289927017655582042e-01,4.486083371521353280e-01
5.688091874604732645e-01,5.954884092636963944e-01
7.541943963332485845e-01,7.895554127189691185e-01
1.000000000000000000e+00,1.047378762813084174e+00
