0.000000000000000000e+00,0.000000000000000000e+00
1.666666666666666747e-05,7.996654834497427173e-05
1.666666666666665730e-05,7.996654834497427173e-05
2.209863497752947753e-05,1.053466720496821439e-04
2.930098007220537250e-05,1.386778032364470827e-04
3.885069978597184760e-05,1.832252708553161436e-04
5.151284599150650080e-05,2.425028269620156738e-04
6.830181481319970915e-05,3.213871775647144692e-04
9.056261243158301782e-05,4.266940362026175413e-04
1.200786068842215313e-04,5.662452527138062044e-04
1.592143981286802757e-04,7.501032387283937267e-04
2.111052520447653541e-04,9.936864807425431316e-04
2.799082744065978039e-04,1.314945828942097128e-03
3.711354469980938974e-04,1.744067958942136171e-03
4.920952062259867105e-04,2.312304651248100855e-03
6.524779401948099669e-04,3.062675782854398874e-03
8.651323098753252797e-04,4.055335573930152725e-03
1.147094587392104553e-03,5.379326632515945249e-03
1.520953474288675193e-03,7.131788020672179262e-03
2.016659738766640817e-03,9.466109593494160396e-03
2.673925646453038409e-03,1.253330987872457516e-02
3.545406409081212559e-03,1.660783541226450513e-02
4.700918524876758486e-03,2.205181416679329043e-02
6.233032952421465808e-03,2.921939734588893667e-02
8.264491201108493251e-03,3.875461358444787924e-02
1.095803845969805200e-02,5.136265589362579848e-02
1.452946151943578998e-02,6.807258705032953605e-02
1.926487599228434919e-02,9.034616793290092818e-02
2.554364774645175723e-02,1.198913362660333354e-01
3.386878485260586685e-02,1.591169191270413452e-01
4.490723481541301909e-02,2.107631039081112045e-01
5.954331540216090818e-02,2.792406904253814104e-01
7.894955954545580801e-02,3.699012137672614831e-01
1.046806498819052994e-01,4.902039243650041511e-01
1.387979682570474327e-01,6.506448348652225100e-01
1.840347381681128047e-01,8.614668895728360143e-01
2.440149901177403324e-01,1.143198195707911369e+00
3.235438917394445335e-01,1.514184261887659533e+00
4.289927017655582042e-01,2.007241231664072423e+00
5.688091874604732645e-01,2.661952058325424364e+00
7.541943963332485845e-01,3.528869407115727608e+00
1.000000000000000000e+00,4.677506312225931495e+00
