0.000000000000000000e+00,0.000000000000000000e+00
1.666666666666666747e-05,4.996817373887340599e-05
1.666666666666665730e-05,4.996817373887340599e-05
2.209863497752947753e-05,6.521901745812317699e-05
2.930098007220537250e-05,8.513281914957993794e-05
3.885069978597184760e-05,1.117242982405457067e-04
5.151284599150650080e-05,1.470188353441018679e-04
6.830181481319970915e-05,1.940245976276552061e-04
9.056261243158301782e-05,2.572497985735535059e-04
1.200786068842215313e-04,3.416034073849195832e-04
1.592143981286802757e-04,4.511655821968913447e-04
2.111052520447653541e-04,5.965616802028780820e-04
2.799082744065978039e-04,7.868838752186580127e-04
3.711354469980938974e-04,1.045430912894580212e-03
4.920952062259867105e-04,1.382096758125603503e-03
6.524779401948099669e-04,1.832004250492357033e-03
8.651323098753252797e-04,2.421418776620162545e-03
1.147094587392104553e-03,3.211354372571782051e-03
1.520953474288675193e-03,4.256502571792674522e-03
2.016659738766640817e-03,5.642479442262701879e-03
2.673925646453038409e-03,7.471801198596881265e-03
3.545406409081212559e-03,9.900655715356754261e-03
4.700918524876758486e-03,1.312274471353738238e-02
6.233032952421465808e-03,1.740313302538232243e-02
8.264491201108493251e-03,2.309040682036241424e-02
1.095803845969805200e-02,3.062265722190459644e-02
1.452946151943578998e-02,4.057230140046026723e-02
1.926487599228434919e-02,5.389888123963373912e-02
2.554364774645175723e-02,7.169531757225564017e-02
3.386878485260586685e-02,9.513352642313727126e-02
4.490723481541301909e-02,1.259725742569067219e-01
5.954331540216090818e-02,1.668970609382894599e-01
7.894955954545580801e-02,2.210135242209906592e-01
1.046806498819052994e-01,2.925634730298216635e-01
1.387979682570474327e-01,3.879001338765297735e-01
1.840347381681128047e-01,5.140732573068452771e-01
2.440149901177403324e-01,6.815379240049704856e-01
3.235438917394445335e-01,9.040270938481457241e-01
4.289927017655582042e-01,1.197800457906667226e+00
5.688091874604732645e-01,1.588415137310829284e+00
7.541943963332485845e-01,2.105568720884913425e+00
1.000000000000000000e+00,2.791593880689094753e+00
