0.000000000000000000e+00,0.000000000000000000e+00
1.666666666666666747e-05,3.999213519082316218e-05
1.666666666666665730e-05,3.999213519082316218e-05
2.209863497752947753e-05,5.200435535654261856e-05
2.930098007220537250e-05,6.760020203820367533e-05
3.885069978597184760e-05,8.845690696279598451e-05
5.151284599150650080e-05,1.161088769227180956e-04
6.830181481319970915e-05,1.531230108586838971e-04
9.056261243158301782e-05,2.028611127132369724e-04
1.200786068842215313e-04,2.693363324472895434e-04
1.592143981286802757e-04,3.557574422941827807e-04
2.111052520447653541e-04,4.700723038123558423e-04
2.799082744065978039e-04,6.192535771773679133e-04
3.711354469980938974e-04,8.224505347196072033e-04
4.920952062259867105e-04,1.087286553448332110e-03
6.524779401948099669e-04,1.438020095461249072e-03
8.651323098753252797e-04,1.903607220943395392e-03
1.147094587392104553e-03,2.521872209085061420e-03
1.520953474288675193e-03,3.340165056128569648e-03
2.016659738766640817e-03,4.427440144432928659e-03
2.673925646453038409e-03,5.869251567281704059e-03
3.545406409081212559e-03,7.783941527765348735e-03
4.700918524876758486e-03,1.031272417764673467e-02
6.233032952421465808e-03,1.367135587562409715e-02
8.264491201108493251e-03,1.813028923272665127e-02
1.095803845969805200e-02,2.402082608460080065e-02
1.452946151943578998e-02,3.188187178962848672e-02
1.926487599228434919e-02,4.240504109799725363e-02
2.554364774645175723e-02,5.639571444800396682e-02
3.386878485260586685e-02,7.483439288042517679e-02
4.490723481541301909e-02,9.895476829398311414e-02
5.954331540216090818e-02,1.310173406458582657e-01
7.894955954545580801e-02,1.735473411527014564e-01
1.046806498819052994e-01,2.298955379267315358e-01
1.387979682570474327e-01,3.045820579234461145e-01
1.840347381681128047e-01,4.036858786477428018e-01
2.440149901177403324e-01,5.348878743518085122e-01
3.235438917394445335e-01,7.087737418839537007e-01
4.289927017655582042e-01,9.394655316523609079e-01
5.688091874604732645e-01,1.246514194162912759e+00
7.541943963332485845e-01,1.653564293346895475e+00
1.000000000000000000e+00,2.192939290838896493e+00
