0.000000000000000000e+00,0.000000000000000000e+00
1.666666666666666747e-05,8.997058561368225611e-05
1.666666666666665730e-05,8.997058561368225611e-05
2.209863497752947753e-05,1.189786584033629424e-04
2.930098007220537250e-05,1.573575988912461702e-04
3.885069978597184760e-05,2.082539249767520256e-04
5.151284599150650080e-05,2.758304277233359909e-04
6.830181481319970915e-05,3.657846894886305979e-04
9.056261243158301782e-05,4.855097357599105876e-04
1.200786068842215313e-04,6.435720565077722270e-04
1.592143981286802757e-04,8.525540181309761547e-04
2.111052520447653541e-04,1.130322404744012839e-03
2.799082744065978039e-04,1.496650535069126353e-03
3.711354469980938974e-04,1.984472559680725088e-03
4.920952062259867105e-04,2.629997081281926306e-03
6.524779401948099669e-04,3.487368941693853343e-03
8.651323098753252797e-04,4.624906802011359043e-03
1.147094587392104553e-03,6.129562629223178627e-03
1.520953474288675193e-03,8.118774697685411657e-03
2.016659738766640817e-03,1.076723226878765344e-02
2.673925646453038409e-03,1.427560766137271446e-02
3.545406409081212559e-03,1.891418783611132498e-02
4.700918524876758486e-03,2.509799146755581356e-02
6.233032952421465808e-03,3.328616132646113751e-02
8.264491201108493251e-03,4.414295440682729221e-02
1.095803845969805200e-02,5.853354037006547328e-02
1.452946151943578998e-02,7.768725963832363857e-02
1.926487599228434919e-02,1.029558995331799343e-01
2.554364774645175723e-02,1.366011463046757357e-01
3.386878485260586685e-02,1.812216309866493125e-01
4.490723481541301909e-02,2.401641954737151474e-01
5.954331540216090818e-02,3.182656670319436443e-01
7.894955954545580801e-02,4.214471671132130060e-01
1.046806498819052994e-01,5.591553613705043668e-01
1.387979682570474327e-01,7.407602075960072474e-01
1.840347381681128047e-01,9.815252508611963522e-01
2.440149901177403324e-01,1.301522357205651348e+00
3.235438917394445335e-01,1.726882907322837335e+00
4.289927017655582042e-01,2.288257821098312217e+00
5.688091874604732645e-01,3.035070056888786283e+00
7.541943963332485845e-01,4.022544662468606091e+00
1.000000000000000000e+00,5.332048625982880985e+00
