0.000000000000000000e+00,0.000000000000000000e+00
1.666666666666666747e-05,6.000178269007379442e-05
1.666666666666665730e-05,6.000178269007379442e-05
2.209863497752947753e-05,7.857552576248643002e-05
2.930098007220537250e-05,1.027881272840629884e-04
3.885069978597184760e-05,1.352219711308959261e-04
5.151284599150650080e-05,1.783129460002425470e-04
6.830181481319970915e-05,2.358307423156934214e-04
9.056261243158301782e-05,3.124350323069339966e-04
1.200786068842215313e-04,4.150772935968490051e-04
1.592143981286802757e-04,5.488057898977546012e-04
2.111052520447653541e-04,7.263820654386857461e-04
2.799082744065978039e-04,9.598018068087921196e-04
3.711354469980938974e-04,1.274212514134759767e-03
4.920952062259867105e-04,1.686207152082625687e-03
6.524779401948099669e-04,2.232957290590658131e-03
8.651323098753252797e-04,2.953481086881700607e-03
1.147094587392104553e-03,3.918013593885793545e-03
1.520953474288675193e-03,5.189641312269661563e-03
2.016659738766640817e-03,6.887130900136119276e-03
2.673925646453038409e-03,9.125571011361965912e-03
3.545406409081212559e-03,1.209467430077470346e-02
4.700918524876758486e-03,1.601802135383073589e-02
6.233032952421465808e-03,2.124633225498052946e-02
8.264491201108493251e-03,2.817671310399537735e-02
1.095803845969805200e-02,3.736973719303203489e-02
1.452946151943578998e-02,4.955690878044767544e-02
1.926487599228434919e-02,6.584583145888710243e-02
2.554364774645175723e-02,8.750528969587660633e-02
3.386878485260586685e-02,1.161796289557807255e-01
4.490723481541301909e-02,1.537872452719391825e-01
5.954331540216090818e-02,2.037641599946871107e-01
7.894955954545580801e-02,2.698230186186250656e-01
1.046806498819052994e-01,3.576580509255135043e-01
1.387979682570474327e-01,4.735796624773455088e-01
1.840347381681128047e-01,6.276930714876197692e-01
2.440149901177403324e-01,8.322184266187083734e-01
3.235438917394445335e-01,1.104079110542514730e+00
4.289927017655582042e-01,1.463418661164797241e+00
5.688091874604732645e-01,1.941224986533701014e+00
7.541943963332485845e-01,2.571672841695374245e+00
1.000000000000000000e+00,3.411186878981561588e+00
