0.000000000000000000e+00,0.000000000000000000e+00
1.666666666666666747e-05,1.001253126261644894e-05
1.666666666666665730e-05,1.001253126261644894e-05
2.209863497752947753e-05,1.289196024251543815e-05
2.930098007220537250e-05,1.654221043083357415e-05
3.885069978597184760e-05,2.140196340591568957e-05
5.151284599150650080e-05,2.786889887428207303e-05
6.830181481319970915e-05,3.650970255291487052e-05
9.056261243158301782e-05,4.812256518615683871e-05
1.200786068842215313e-04,6.390283290425982979e-05
1.592143981286802757e-04,8.418607089862691821e-05
2.111052520447653541e-04,1.107247683813613785e-04
2.799082744065978039e-04,1.450287240308341288e-04
3.711354469980938974e-04,1.926027100384968265e-04
4.920952062259867105e-04,2.541474284696138247e-04
6.524779401948099669e-04,3.357922571827937379e-04
8.651323098753252797e-04,4.432018162466210757e-04
1.147094587392104553e-03,5.871436935590729515e-04
1.520953474288675193e-03,7.772647591882543127e-04
2.016659738766640817e-03,1.031737790757587900e-03
2.673925646453038409e-03,1.366966088690524167e-03
3.545406409081212559e-03,1.809470139067236982e-03
4.700918524876758486e-03,2.397034827122720285e-03
6.233032952421465808e-03,3.177070550833796265e-03
8.264491201108493251e-03,4.210244001335346903e-03
1.095803845969805200e-02,5.584083898288808023e-03
1.452946151943578998e-02,7.402615066527507871e-03
1.926487599228434919e-02,9.856943385608036776e-03
2.554364774645175723e-02,1.313305327621727518e-02
3.386878485260586685e-02,1.743834667729286803e-02
4.490723481541301909e-02,2.305372657379191337e-02
5.954331540216090818e-02,3.048344499614615011e-02
7.894955954545580801e-02,4.034709807766576756e-02
1.046806498819052994e-01,5.346453638697656885e-02
1.387979682570474327e-01,7.079388918309104106e-02
1.840347381681128047e-01,9.381268464387275408e-02
2.440149901177403324e-01,1.243890088767480445e-01
3.235438917394445335e-01,1.647802430051262257e-01
4.289927017655582042e-01,2.184104013674282863e-01
5.688091874604732645e-01,2.895062176734497505e-01
7.541943963332485845e-01,3.838120308859797603e-01
1.000000000000000000e+00,5.087594736520159033e-01
