0.000000000000000000e+00,0.000000000000000000e+00
1.666666666666666747e-05,3.004220780922897330e-05
1.666666666666665730e-05,3.004220780922897330e-05
2.209863497752947753e-05,3.894835267202240479e-05
2.930098007220537250e-05,5.045376453460059205e-05
3.885069978597184760e-05,6.577542649111923524e-05
5.151284599150650080e-05,8.613556484184956366e-05
6.830181481319970915e-05,1.133695114555224973e-04
9.056261243158301782e-05,1.499746403597551961e-04
1.200786068842215313e-04,1.989950172064880126e-04
1.592143981286802757e-04,2.626484832279134501e-04
2.111052520447653541e-04,3.462332282944742437e-04
2.799082744065978039e-04,4.553702140451729966e-04
3.711354469980938974e-04,6.052236664342168417e-04
4.920952062259867105e-04,8.000039149272040713e-04
6.524779401948099669e-04,1.057442608739687581e-03
8.651323098753252797e-04,1.397623604214784290e-03
1.147094587392104553e-03,1.853627861698140195e-03
1.520953474288675193e-03,2.457371510864770053e-03
2.016659738766640817e-03,3.254179132389252178e-03
2.673925646453038409e-03,4.310885839673319134e-03
3.545406409081212559e-03,5.709153449417937558e-03
4.700918524876758486e-03,7.571653724686193236e-03
6.233032952421465808e-03,1.003607954992311556e-02
8.264491201108493251e-03,1.331683020226536243e-02
1.095803845969805200e-02,1.764302676307170914e-02
1.452946151943578998e-02,2.339851844472515263e-02
1.926487599228434919e-02,3.112639852910580734e-02
2.554364774645175723e-02,4.138996869805943585e-02
3.386878485260586685e-02,5.494987141910864792e-02
4.490723481541301909e-02,7.268171134752149376e-02
5.954331540216090818e-02,9.613349622227002067e-02
7.894955954545580801e-02,1.273224026467704162e-01
1.046806498819052994e-01,1.688219149936472097e-01
1.387979682570474327e-01,2.235799125782768071e-01
1.840347381681128047e-01,2.964255416494078754e-01
2.440149901177403324e-01,3.928499070030012086e-01
3.235438917394445335e-01,5.205371582521950424e-01
4.289927017655582042e-01,6.896380132093841153e-01
5.688091874604732645e-01,9.142391651767215466e-01
7.541943963332485845e-01,1.211061881926494221e+00
1.000000000000000000e+00,1.605525748721094770e+00
