0.000000000000000000e+00,0.000000000000000000e+00
1.666666666666666747e-05,7.000969993130738461e-05
1.666666666666665730e-05,7.000969993130738461e-05
2.209863497752947753e-05,9.180682630480742281e-05
2.930098007220537250e-05,1.206186633669318909e-04
3.885069978597184760e-05,1.590762869012570576e-04
5.151284599150650080e-05,2.101825509596336032e-04
6.830181481319970915e-05,2.783540527362242129e-04
9.056261243158301782e-05,3.688231623873708051e-04
1.200786068842215313e-04,4.897735808825917983e-04
1.592143981286802757e-04,6.481730397836912502e-04
2.111052520447653541e-04,8.578542353744821828e-04
2.799082744065978039e-04,1.134108523880142600e-03
3.711354469980938974e-04,1.504245144354143847e-03
4.920952062259867105e-04,1.992916638265898426e-03
6.524779401948099669e-04,2.640042015558337167e-03
8.651323098753252797e-04,3.494277914392482365e-03
1.147094587392104553e-03,4.634833484512505299e-03
1.520953474288675193e-03,6.147944121404682119e-03
2.016659738766640817e-03,8.155788586938422097e-03
2.673925646453038409e-03,1.081734564438121236e-02
3.545406409081212559e-03,1.433172740920945348e-02
4.700918524876758486e-03,1.899390208137799810e-02
6.233032952421465808e-03,2.518829922627744550e-02
8.264491201108493251e-03,3.342374092269929930e-02
1.095803845969805200e-02,4.427954366629439920e-02
1.452946151943578998e-02,5.866121208943510940e-02
1.926487599228434919e-02,7.797587981872493301e-02
2.554364774645175723e-02,1.035634457651499196e-01
3.386878485260586685e-02,1.373844951054671581e-01
4.490723481541301909e-02,1.819440207351327166e-01
5.954331540216090818e-02,2.413523868996748090e-01
7.894955954545580801e-02,3.195956005306126446e-01
1.046806498819052994e-01,4.235855668167973764e-01
1.387979682570474327e-01,5.610461255328411667e-01
1.840347381681128047e-01,7.439845756411133104e-01
2.440149901177403324e-01,9.853533782501321392e-01
3.235438917394445335e-01,1.306084116755713564e+00
4.289927017655582042e-01,1.730168997900969563e+00
5.688091874604732645e-01,2.294866628286398758e+00
7.541943963332485845e-01,3.045453046564911670e+00
1.000000000000000000e+00,4.037768469420746520e+00
