4.000000000000000222e-01,2.118419093691909991e-03
4.192452536618743175e-01,2.118419093691909991e-03
4.394164567950232803e-01,2.515658642441430393e-03
4.605581597305789532e-01,2.515658642441430393e-03
4.827170562557314137e-01,2.979046867373071322e-03
5.059420867421184909e-01,3.520914016808819082e-03
5.302845462360437079e-01,3.520914016808819082e-03
5.557981977492550962e-01,4.156663983103661524e-03
5.825393910004974529e-01,4.905803630742461979e-03
6.105671868700933702e-01,4.905803630742461979e-03
6.399434878424232753e-01,5.793448547156780475e-03
6.707331747244031916e-01,1.632662871291589435e-01
7.030042499419167923e-01,1.632662871291589435e-01
7.368279877306863623e-01,8.136645511555548049e-01
7.722790915533001010e-01,8.457501476876728708e-01
8.094358590900627703e-01,8.457501476876728708e-01
8.483803551680763055e-01,8.646062372841959442e-01
8.891985930104778779e-01,8.782719601437977142e-01
9.319807242061487473e-01,8.782719601437977142e-01
9.768212378194603973e-01,8.890694238352477852e-01
1.023819169079814184e+00,8.980324545764345467e-01
1.073078318111890361e+00,9.057192497671789910e-01
1.124707479189692050e+00,9.057192497671789910e-01
1.178820681020724237e+00,9.124675392490866344e-01
1.235537438590992299e+00,9.184978318613701287e-01
1.294983017127057767e+00,9.184978318613701287e-01
1.357288708758131124e+00,9.239622240797984443e-01
1.422592122489251487e+00,9.289700802995792817e-01
1.491037488125976029e+00,9.289700802995792817e-01
1.562775974821846825e+00,9.336026518281086428e-01
1.637966024952169697e+00,9.379219196813871617e-01
1.716773704051510974e+00,9.379219196813871617e-01
1.799373067587778152e+00,9.419762082013276583e-01
1.885946545382957362e+00,9.458038920825944107e-01
1.976685344529533817e+00,9.458038920825944107e-01
2.071789871692483853e+00,9.494359261165772335e-01
2.171470175729543595e+00,9.528976202257886108e-01
2.275946411607318254e+00,9.528976202257886108e-01
2.385449326637857137e+00,9.562099150302407757e-01
2.500220770109588653e+00,9.562099150302407757e-01
2.620514227438202948e+00,9.593903176791690468e-01
2.746595380017200050e+00,9.593903176791690468e-01
2.878742692004607751e+00,9.624536010180390067e-01
3.017248025341846773e+00,9.654123343982183858e-01
3.162417284363078895e+00,9.654123343982183858e-01
3.314571091418736959e+00,9.682772924761970934e-01
3.474045495005409823e+00,9.682772924761970934e-01
3.641192711966087181e+00,9.710577741124338802e-01
3.816381905399975683e+00,9.710577741124338802e-01
4.000000000000000000e+00,9.710577741124338802e-01
