0.0316227766017,0.0226695720712
0.0339080668189,0.0226695720712
0.0363585086117,0.0343767634341
0.0389860370255,0.0343767634341
0.0418034496185,0.0343767634341
0.0448244687929,0.0343767634341
0.0480638086306,0.0343767634341
0.0515372465596,0.0343767634341
0.0552617001985,0.0463387196705
0.0592553097555,0.0463387196705
0.0635375263808,0.0463387196705
0.0681292069058,0.0463387196705
0.0730527154266,0.0585600346055
0.0783320322308,0.0585600346055
0.0839928705946,0.0585600346055
0.0900628020211,0.0585600346055
0.0965713905297,0.0710450233189
0.103550336649,0.0710450233189
0.111033631817,0.0710450233189
0.119057723938,0.0837976701316
0.127661694906,0.0837976701316
0.136887450954,0.0968215728869
0.146779926762,0.0968215728869
0.157387304316,0.110119883779
0.168761247579,0.110119883779
0.180957154124,0.123695247116
0.194034424956,0.123695247116
0.208056753822,0.137549734552
0.223092437441,0.137549734552
0.239214708146,0.151684778485
0.256502090568,0.166101104486
0.275038784093,0.166101104486
0.294915072965,0.180798663834
0.316227766017,0.195776567384
0.339080668189,0.211033022212
0.363585086117,0.211033022212
0.389860370255,0.226565272613
0.418034496185,0.242369547194
0.448244687929,0.258441013881
0.480638086306,0.274773744711
0.515372465596,0.291360692253
0.552617001985,0.308193679401
0.592553097555,0.325263404088
0.635375263808,0.342559460207
0.681292069058,0.360070375628
0.730527154266,0.377783667775
0.783320322308,0.395685916706
0.839928705946,0.413762855048
0.900628020211,0.431999473608
0.965713905297,0.450380140867
1.03550336649,0.468888734051
1.11033631817,0.487508779059
1.19057723938,0.506223596135
1.27661694906,0.525016448021
1.36887450954,0.543870687197
1.46779926762,0.562769898949
1.57387304316,0.581698037172
1.68761247579,0.600639550184
1.80957154124,0.619579494246
1.94034424956,0.638503632984
2.08056753822,0.657398521477
2.23092437441,0.676251574285
2.39214708146,0.695051117257
2.56502090568,0.713786423415
2.75038784093,0.732447733635
2.94915072965,0.732447733635
3.16227766017,0.751026263188
3.39080668189,0.769514195474
3.63585086117,0.787904664425
3.89860370255,0.787904664425
4.18034496185,0.806191727196
4.48244687929,0.824370328768
4.80638086306,0.824370328768
5.15372465596,0.842436260062
5.52617001985,0.842436260062
5.92553097555,0.860386111088
6.35375263808,0.860386111088
6.81292069058,0.878217220565
7.30527154266,0.878217220565
7.83320322308,0.895927623264
8.39928705946,0.895927623264
9.00628020211,0.913515996234
9.65713905297,0.913515996234
10.3550336649,0.913515996234
11.1033631817,0.930981604864
11.9057723938,0.930981604864
12.7661694906,0.930981604864
13.6887450954,0.930981604864
14.6779926762,0.94832424962
15.7387304316,0.94832424962
16.8761247579,0.94832424962
18.0957154124,0.94832424962
19.4034424956,0.965544214117
20.8056753822,0.965544214117
22.3092437441,0.965544214117
23.9214708146,0.965544214117
25.6502090568,0.965544214117
27.5038784093,0.965544214117
29.4915072965,0.982642215068
31.6227766017,0.982642215068
