0.0,0.0
10.0,90.06
20.0,163.96
30.0,224.41
40.0,272.23
50.0,313.53
60.0,346.02
70.0,373.6
80.0,397.16
90.0,415.57
100.0,429.3
110.0,441.99
120.0,452.65
130.0,461.71
140.0,470.01
150.0,473.23
160.0,476.83
170.0,480.3
180.0,483.54
190.0,487.1
200.0,488.77
210.0,491.42
220.0,494.52
230.0,494.81
240.0,495.88
250.0,496.57
260.0,497.33
270.0,493.89
280.0,494.79
290.0,495.36
300.0,494.44
310.0,495.27
320.0,496.39
330.0,496.88
340.0,495.91
350.0,494.64
360.0,494.81
370.0,495.13
380.0,493.48
390.0,495.72
400.0,494.9
410.0,495.27
420.0,495.82
430.0,494.62
440.0,493.48
450.0,494.48
460.0,493.33
470.0,493.55
480.0,494.45
490.0,494.66
500.0,496.17
510.0,495.86
520.0,496.71
530.0,496.05
540.0,496.27
550.0,498.01
560.0,495.81
570.0,496.92
580.0,495.67
590.0,494.92
600.0,494.4
610.0,494.55
620.0,493.91
630.0,494.1
640.0,495.33
650.0,494.87
660.0,494.55
670.0,493.73
680.0,494.95
690.0,493.26
700.0,494.13
710.0,495.13
720.0,496.77
730.0,495.93
740.0,495.59
750.0,495.17
760.0,491.95
770.0,491.52
780.0,490.58
790.0,491.09
800.0,494.17
810.0,493.4
820.0,493.22
830.0,491.44
840.0,493.06
850.0,493.1
860.0,493.52
870.0,493.88
880.0,494.22
890.0,492.82
900.0,492.59
910.0,494.26
920.0,495.32
930.0,498.48
940.0,497.92
950.0,498.39
960.0,500.91
970.0,498.78
980.0,498.18
990.0,497.74
1000.0,498.06
