"""A"""
0.0,0.0
10.0,90.44
20.0,164.09
30.0,224.34
40.0,273.48
50.0,315.84
60.0,348.49
70.0,374.77
80.0,397.86
90.0,414.85
100.0,429.59
110.0,440.49
120.0,450.92
130.0,459.2
140.0,466.19
150.0,473.44
160.0,479.4
170.0,481.34
180.0,485.92
190.0,488.94
200.0,490.1
210.0,489.62
220.0,491.44
230.0,495.2
240.0,495.81
250.0,495.93
260.0,495.86
270.0,495.12
280.0,495.83
290.0,494.65
300.0,493.63
310.0,496.39
320.0,498.0
330.0,498.82
340.0,497.44
350.0,497.94
360.0,496.15
370.0,497.84
380.0,497.84
390.0,496.8
400.0,494.68
410.0,496.05
420.0,495.34
430.0,495.81
440.0,495.89
450.0,494.21
460.0,497.44
470.0,498.89
480.0,499.26
490.0,498.94
500.0,498.25
510.0,497.29
520.0,495.61
530.0,496.44
540.0,497.29
550.0,496.2
560.0,496.53
570.0,495.8
580.0,498.27
590.0,499.49
600.0,500.38
610.0,499.64
620.0,497.78
630.0,499.88
640.0,495.74
650.0,495.53
660.0,496.44
670.0,497.26
680.0,494.93
690.0,494.55
700.0,495.14
710.0,496.51
720.0,498.85
730.0,498.84
740.0,498.28
750.0,498.65
760.0,499.97
770.0,501.33
780.0,501.22
790.0,497.42
800.0,497.88
810.0,497.58
820.0,497.36
830.0,495.94
840.0,496.24
850.0,496.84
860.0,498.62
870.0,498.68
880.0,498.44
890.0,498.34
900.0,497.82
910.0,499.99
920.0,499.81
930.0,498.67
940.0,497.36
950.0,495.67
960.0,495.67
970.0,496.18
980.0,496.73
990.0,494.19
1000.0,495.74
