0.0,0.0
10.0,0.906346189739
20.0,1.64839967625
30.0,2.25594167786
40.0,2.75335498606
50.0,3.16060254481
60.0,3.49402863133
70.0,3.76701480844
80.0,3.99051697323
90.0,4.17350500462
100.0,4.32332296901
110.0,4.44598357301
120.0,4.54640960559
130.0,4.62863150643
140.0,4.69594912125
150.0,4.75106413583
160.0,4.79618850397
170.0,4.83313322067
180.0,4.86338100359
190.0,4.88814579957
200.0,4.90842150445
210.0,4.92502185154
220.0,4.93861306944
230.0,4.94974062015
240.0,4.9588510903
250.0,4.96631011416
260.0,4.97241704783
270.0,4.97741698342
280.0,4.98151058543
290.0,4.98486214408
300.0,4.98760616888
310.0,4.9898527869
320.0,4.9916921626
330.0,4.99319811641
340.0,4.9944310874
350.0,4.99544055891
360.0,4.99626704447
370.0,4.99694371378
380.0,4.99749772389
390.0,4.99795130911
400.0,4.99832267336
410.0,4.99862672077
420.0,4.9988756538
430.0,4.99907946297
440.0,4.99924632784
450.0,4.99938294528
460.0,4.9994947982
470.0,4.99958637566
480.0,4.99966135295
490.0,4.99972273918
500.0,4.99977299798
510.0,4.99981414642
520.0,4.99984783593
530.0,4.99987541856
540.0,4.99989800132
550.0,4.99991649053
560.0,4.99993162821
570.0,4.9999440219
580.0,4.999954169
590.0,4.99996247674
600.0,4.99996927854
610.0,4.99997484739
620.0,4.99997940678
630.0,4.9999831397
640.0,4.99998619595
650.0,4.99998869819
660.0,4.99999074686
670.0,4.99999242417
680.0,4.99999379743
690.0,4.99999492177
700.0,4.99999584229
710.0,4.99999659596
720.0,4.999997213
730.0,4.9999977182
740.0,4.99999813182
750.0,4.99999847046
760.0,4.99999874772
770.0,4.99999897472
780.0,4.99999916057
790.0,4.99999931273
800.0,4.99999943731
810.0,4.99999953931
820.0,4.99999962282
830.0,4.99999969119
840.0,4.99999974717
850.0,4.999999793
860.0,4.99999983052
870.0,4.99999986124
880.0,4.9999998864
890.0,4.99999990699
900.0,4.99999992385
910.0,4.99999993765
920.0,4.99999994895
930.0,4.99999995821
940.0,4.99999996578
950.0,4.99999997199
960.0,4.99999997706
970.0,4.99999998122
980.0,4.99999998463
990.0,4.99999998741
1000.0,4.99999998969
